,GAME_ID,EVENTNUM,EVENTMSGTYPE,EVENTMSGACTIONTYPE,PERIOD,WCTIMESTRING,PCTIMESTRING,HOMEDESCRIPTION,NEUTRALDESCRIPTION,VISITORDESCRIPTION,SCORE,SCOREMARGIN,PERSON1TYPE,PLAYER1_ID,PLAYER1_NAME,PLAYER1_TEAM_ID,PLAYER1_TEAM_CITY,PLAYER1_TEAM_NICKNAME,PLAYER1_TEAM_ABBREVIATION,PERSON2TYPE,PLAYER2_ID,PLAYER2_NAME,PLAYER2_TEAM_ID,PLAYER2_TEAM_CITY,PLAYER2_TEAM_NICKNAME,PLAYER2_TEAM_ABBREVIATION,PERSON3TYPE,PLAYER3_ID,PLAYER3_NAME,PLAYER3_TEAM_ID,PLAYER3_TEAM_CITY,PLAYER3_TEAM_NICKNAME,PLAYER3_TEAM_ABBREVIATION
0,0021400335,0,12,0,1,8:09 PM,12:00,,,,,,0.0,0,,,,,,0,0,,,,,,0,0,,,,,
1,0021400335,2,10,0,1,8:10 PM,12:00,Jump Ball Dieng vs. Adams: Tip to Ibaka,,,,,4.0,203476,Gorgui Dieng,1610612750.0,Minnesota,Timberwolves,MIN,5,203500,Steven Adams,1610612760.0,Oklahoma City,Thunder,OKC,5,201586,Serge Ibaka,1610612760.0,Oklahoma City,Thunder,OKC
2,0021400335,3,2,1,1,8:10 PM,11:39,Dieng BLOCK (1 BLK),,MISS Roberson 4' Jump Shot,,,5.0,203460,Andre Roberson,1610612760.0,Oklahoma City,Thunder,OKC,0,0,,,,,,4,203476,Gorgui Dieng,1610612750.0,Minnesota,Timberwolves,MIN
3,0021400335,4,4,0,1,8:10 PM,11:37,,,Roberson REBOUND (Off:1 Def:0),,,5.0,203460,Andre Roberson,1610612760.0,Oklahoma City,Thunder,OKC,0,0,,,,,,0,0,,,,,
4,0021400335,5,2,5,1,8:10 PM,11:35,Dieng BLOCK (2 BLK),,MISS Roberson 2' Layup,,,5.0,203460,Andre Roberson,1610612760.0,Oklahoma City,Thunder,OKC,0,0,,,,,,4,203476,Gorgui Dieng,1610612750.0,Minnesota,Timberwolves,MIN
5,0021400335,6,4,0,1,8:10 PM,11:34,,,Thunder Rebound,,,3.0,1610612760,,,,,,0,0,,,,,,0,0,,,,,
6,0021400335,7,5,11,1,8:10 PM,11:34,,,Thunder Turnover: Shot Clock (T#1),,,3.0,1610612760,,,,,,0,0,,,,,,1,0,,,,,
7,0021400335,9,5,2,1,8:11 PM,11:21,Young Lost Ball Turnover (P1.T1),,Roberson STEAL (1 STL),,,4.0,201152,Thaddeus Young,1610612750.0,Minnesota,Timberwolves,MIN,5,203460,Andre Roberson,1610612760.0,Oklahoma City,Thunder,OKC,0,0,,,,,
8,0021400335,10,1,8,1,8:11 PM,11:16,,,Adams  Slam Dunk (2 PTS) (Roberson 1 AST),2 - 0,-2,5.0,203500,Steven Adams,1610612760.0,Oklahoma City,Thunder,OKC,5,203460,Andre Roberson,1610612760.0,Oklahoma City,Thunder,OKC,0,0,,,,,
9,0021400335,11,2,1,1,8:11 PM,11:05,MISS Wiggins 23' Jump Shot,,,,,4.0,203952,Andrew Wiggins,1610612750.0,Minnesota,Timberwolves,MIN,0,0,,,,,,0,0,,,,,
10,0021400335,12,4,0,1,8:11 PM,11:04,,,Roberson REBOUND (Off:1 Def:1),,,5.0,203460,Andre Roberson,1610612760.0,Oklahoma City,Thunder,OKC,0,0,,,,,,0,0,,,,,
11,0021400335,13,1,5,1,8:12 PM,10:52,,,Adams 1' Layup (4 PTS) (Westbrook 1 AST),4 - 0,-4,5.0,203500,Steven Adams,1610612760.0,Oklahoma City,Thunder,OKC,5,201566,Russell Westbrook,1610612760.0,Oklahoma City,Thunder,OKC,0,0,,,,,
12,0021400335,14,2,79,1,8:12 PM,10:42,MISS LaVine 15' Pullup Jump Shot,,,,,4.0,203897,Zach LaVine,1610612750.0,Minnesota,Timberwolves,MIN,0,0,,,,,,0,0,,,,,
13,0021400335,15,4,0,1,8:12 PM,10:40,,,Ibaka REBOUND (Off:0 Def:1),,,5.0,201586,Serge Ibaka,1610612760.0,Oklahoma City,Thunder,OKC,0,0,,,,,,0,0,,,,,
14,0021400335,18,1,42,1,8:13 PM,10:19,,,Westbrook 1' Driving Layup (2 PTS),6 - 0,-6,5.0,201566,Russell Westbrook,1610612760.0,Oklahoma City,Thunder,OKC,0,0,,,,,,0,0,,,,,
15,0021400335,19,2,5,1,8:14 PM,10:00,MISS LaVine 1' Layup,,Roberson BLOCK (1 BLK),,,4.0,203897,Zach LaVine,1610612750.0,Minnesota,Timberwolves,MIN,0,0,,,,,,5,203460,Andre Roberson,1610612760.0,Oklahoma City,Thunder,OKC
16,0021400335,20,4,0,1,8:14 PM,9:59,,,Ibaka REBOUND (Off:0 Def:2),,,5.0,201586,Serge Ibaka,1610612760.0,Oklahoma City,Thunder,OKC,0,0,,,,,,0,0,,,,,
17,0021400335,21,5,2,1,8:14 PM,9:57,Dieng STEAL (1 STL),,Ibaka Lost Ball Turnover (P1.T2),,,5.0,201586,Serge Ibaka,1610612760.0,Oklahoma City,Thunder,OKC,4,203476,Gorgui Dieng,1610612750.0,Minnesota,Timberwolves,MIN,0,0,,,,,
18,0021400335,22,1,5,1,8:14 PM,9:53,LaVine 2' Layup (2 PTS) (Dieng 1 AST),,,6 - 2,-4,4.0,203897,Zach LaVine,1610612750.0,Minnesota,Timberwolves,MIN,4,203476,Gorgui Dieng,1610612750.0,Minnesota,Timberwolves,MIN,0,0,,,,,
19,0021400335,23,2,1,1,8:14 PM,9:39,,,MISS Durant 15' Jump Shot,,,5.0,201142,Kevin Durant,1610612760.0,Oklahoma City,Thunder,OKC,0,0,,,,,,0,0,,,,,
20,0021400335,24,4,0,1,8:14 PM,9:38,Brewer REBOUND (Off:0 Def:1),,,,,4.0,201147,Corey Brewer,1610612750.0,Minnesota,Timberwolves,MIN,0,0,,,,,,0,0,,,,,
21,0021400335,25,1,66,1,8:14 PM,9:32,Young 14' Jump Bank Shot (2 PTS) (Brewer 1 AST),,,6 - 4,-2,4.0,201152,Thaddeus Young,1610612750.0,Minnesota,Timberwolves,MIN,4,201147,Corey Brewer,1610612750.0,Minnesota,Timberwolves,MIN,0,0,,,,,
22,0021400335,26,1,1,1,8:14 PM,9:10,,,Adams 13' Jump Shot (6 PTS) (Durant 1 AST),8 - 4,-4,5.0,203500,Steven Adams,1610612760.0,Oklahoma City,Thunder,OKC,5,201142,Kevin Durant,1610612760.0,Oklahoma City,Thunder,OKC,0,0,,,,,
23,0021400335,27,5,40,1,8:15 PM,8:55,Wiggins Out of Bounds Lost Ball Turnover (P1.T2),,,,,4.0,203952,Andrew Wiggins,1610612750.0,Minnesota,Timberwolves,MIN,0,0,,,,,,0,0,,,,,
24,0021400335,28,1,1,1,8:15 PM,8:35,,,Ibaka 14' Jump Shot (2 PTS) (Durant 2 AST),10 - 4,-6,5.0,201586,Serge Ibaka,1610612760.0,Oklahoma City,Thunder,OKC,5,201142,Kevin Durant,1610612760.0,Oklahoma City,Thunder,OKC,0,0,,,,,
25,0021400335,29,9,2,1,8:15 PM,8:34,TIMBERWOLVES Timeout: Short (Full 0 Short 1),,,,,2.0,1610612750,,,,,,0,0,,,,,,0,0,,,,,
26,0021400335,31,2,1,1,8:17 PM,8:20,MISS Wiggins 21' Jump Shot,,,,,4.0,203952,Andrew Wiggins,1610612750.0,Minnesota,Timberwolves,MIN,0,0,,,,,,0,0,,,,,
27,0021400335,32,4,0,1,8:17 PM,8:18,,,Adams REBOUND (Off:0 Def:1),,,5.0,203500,Steven Adams,1610612760.0,Oklahoma City,Thunder,OKC,0,0,,,,,,0,0,,,,,
28,0021400335,33,2,1,1,8:17 PM,8:10,,,MISS Westbrook 19' Jump Shot,,,5.0,201566,Russell Westbrook,1610612760.0,Oklahoma City,Thunder,OKC,0,0,,,,,,0,0,,,,,
29,0021400335,35,4,0,1,8:17 PM,8:09,,,Ibaka REBOUND (Off:1 Def:2),,,5.0,201586,Serge Ibaka,1610612760.0,Oklahoma City,Thunder,OKC,0,0,,,,,,0,0,,,,,
30,0021400335,34,2,4,1,8:17 PM,8:09,,,MISS Ibaka 1' Tip Shot,,,5.0,201586,Serge Ibaka,1610612760.0,Oklahoma City,Thunder,OKC,0,0,,,,,,0,0,,,,,
31,0021400335,37,4,0,1,8:17 PM,8:08,,,Roberson REBOUND (Off:2 Def:1),,,5.0,203460,Andre Roberson,1610612760.0,Oklahoma City,Thunder,OKC,0,0,,,,,,0,0,,,,,
32,0021400335,36,1,4,1,8:17 PM,8:08,,,Roberson 2' Tip Shot (2 PTS),12 - 4,-8,5.0,203460,Andre Roberson,1610612760.0,Oklahoma City,Thunder,OKC,0,0,,,,,,0,0,,,,,
33,0021400335,38,2,1,1,8:17 PM,7:44,MISS Young 19' Jump Shot,,,,,4.0,201152,Thaddeus Young,1610612750.0,Minnesota,Timberwolves,MIN,0,0,,,,,,0,0,,,,,
34,0021400335,39,4,0,1,8:17 PM,7:42,,,Roberson REBOUND (Off:2 Def:2),,,5.0,203460,Andre Roberson,1610612760.0,Oklahoma City,Thunder,OKC,0,0,,,,,,0,0,,,,,
35,0021400335,40,1,65,1,8:17 PM,7:36,,,Ibaka 8' Jump Hook Shot (4 PTS) (Westbrook 2 AST),14 - 4,-10,5.0,201586,Serge Ibaka,1610612760.0,Oklahoma City,Thunder,OKC,5,201566,Russell Westbrook,1610612760.0,Oklahoma City,Thunder,OKC,0,0,,,,,
36,0021400335,41,1,1,1,8:18 PM,7:09,LaVine 25' 3PT Jump Shot (5 PTS),,,14 - 7,-7,4.0,203897,Zach LaVine,1610612750.0,Minnesota,Timberwolves,MIN,0,0,,,,,,0,0,,,,,
37,0021400335,42,1,42,1,8:18 PM,6:47,,,Durant 1' Driving Layup (2 PTS),16 - 7,-9,5.0,201142,Kevin Durant,1610612760.0,Oklahoma City,Thunder,OKC,0,0,,,,,,0,0,,,,,
38,0021400335,43,6,2,1,8:18 PM,6:47,Wiggins S.FOUL (P1.T1),,,,,4.0,203952,Andrew Wiggins,1610612750.0,Minnesota,Timberwolves,MIN,5,201142,Kevin Durant,1610612760.0,Oklahoma City,Thunder,OKC,1,0,,,,,
39,0021400335,44,3,10,1,8:19 PM,6:47,,,Durant Free Throw 1 of 1 (3 PTS),17 - 7,-10,5.0,201142,Kevin Durant,1610612760.0,Oklahoma City,Thunder,OKC,0,0,,,,,,0,0,,,,,
40,0021400335,45,5,2,1,8:19 PM,6:30,Brewer Lost Ball Turnover (P1.T3),,Roberson STEAL (2 STL),,,4.0,201147,Corey Brewer,1610612750.0,Minnesota,Timberwolves,MIN,5,203460,Andre Roberson,1610612760.0,Oklahoma City,Thunder,OKC,0,0,,,,,
41,0021400335,46,1,1,1,8:19 PM,6:18,,,Ibaka 25' 3PT Jump Shot (7 PTS) (Durant 3 AST),20 - 7,-13,5.0,201586,Serge Ibaka,1610612760.0,Oklahoma City,Thunder,OKC,5,201142,Kevin Durant,1610612760.0,Oklahoma City,Thunder,OKC,0,0,,,,,
42,0021400335,47,9,1,1,8:19 PM,6:18,TIMBERWOLVES Timeout: Regular (Full 1 Short 1),,,,,2.0,1610612750,,,,,,0,0,,,,,,0,0,,,,,
43,0021400335,49,8,0,1,8:21 PM,6:18,,,SUB: Jones FOR Durant,,,5.0,201142,Kevin Durant,1610612760.0,Oklahoma City,Thunder,OKC,5,203103,Perry Jones,1610612760.0,Oklahoma City,Thunder,OKC,0,0,,,,,
44,0021400335,50,1,78,1,8:22 PM,6:07,Wiggins 11' Floating Jump Shot (2 PTS),,,20 - 9,-11,4.0,203952,Andrew Wiggins,1610612750.0,Minnesota,Timberwolves,MIN,0,0,,,,,,0,0,,,,,
45,0021400335,51,6,2,1,8:22 PM,5:50,LaVine S.FOUL (P1.T2),,,,,4.0,203897,Zach LaVine,1610612750.0,Minnesota,Timberwolves,MIN,5,201566,Russell Westbrook,1610612760.0,Oklahoma City,Thunder,OKC,1,0,,,,,
46,0021400335,52,3,11,1,8:22 PM,5:50,,,Westbrook Free Throw 1 of 2 (3 PTS),21 - 9,-12,5.0,201566,Russell Westbrook,1610612760.0,Oklahoma City,Thunder,OKC,0,0,,,,,,0,0,,,,,
47,0021400335,54,8,0,1,8:23 PM,5:50,SUB: Muhammad FOR Brewer,,,,,4.0,201147,Corey Brewer,1610612750.0,Minnesota,Timberwolves,MIN,4,203498,Shabazz Muhammad,1610612750.0,Minnesota,Timberwolves,MIN,0,0,,,,,
48,0021400335,55,3,12,1,8:23 PM,5:50,,,Westbrook Free Throw 2 of 2 (4 PTS),22 - 9,-13,5.0,201566,Russell Westbrook,1610612760.0,Oklahoma City,Thunder,OKC,0,0,,,,,,0,0,,,,,
49,0021400335,57,2,1,1,8:23 PM,5:37,MISS Young 20' Jump Shot,,,,,4.0,201152,Thaddeus Young,1610612750.0,Minnesota,Timberwolves,MIN,0,0,,,,,,0,0,,,,,
50,0021400335,58,4,0,1,8:23 PM,5:36,,,Roberson REBOUND (Off:2 Def:3),,,5.0,203460,Andre Roberson,1610612760.0,Oklahoma City,Thunder,OKC,0,0,,,,,,0,0,,,,,
51,0021400335,59,2,42,1,8:23 PM,5:30,,,MISS Westbrook 2' Driving Layup,,,5.0,201566,Russell Westbrook,1610612760.0,Oklahoma City,Thunder,OKC,0,0,,,,,,0,0,,,,,
52,0021400335,60,4,0,1,8:23 PM,5:29,Wiggins REBOUND (Off:0 Def:1),,,,,4.0,203952,Andrew Wiggins,1610612750.0,Minnesota,Timberwolves,MIN,0,0,,,,,,0,0,,,,,
53,0021400335,61,2,1,1,8:23 PM,5:19,MISS LaVine 25' 3PT Jump Shot,,,,,4.0,203897,Zach LaVine,1610612750.0,Minnesota,Timberwolves,MIN,0,0,,,,,,0,0,,,,,
54,0021400335,62,4,0,1,8:23 PM,5:17,,,Thunder Rebound,,,3.0,1610612760,,,,,,0,0,,,,,,0,0,,,,,
55,0021400335,63,2,42,1,8:24 PM,5:01,,,MISS Roberson 1' Driving Layup,,,5.0,203460,Andre Roberson,1610612760.0,Oklahoma City,Thunder,OKC,0,0,,,,,,0,0,,,,,
56,0021400335,65,4,0,1,8:24 PM,5:00,,,Adams REBOUND (Off:1 Def:1),,,5.0,203500,Steven Adams,1610612760.0,Oklahoma City,Thunder,OKC,0,0,,,,,,0,0,,,,,
57,0021400335,64,1,54,1,8:24 PM,5:00,,,Adams 1' Running Tip Shot (8 PTS),24 - 9,-15,5.0,203500,Steven Adams,1610612760.0,Oklahoma City,Thunder,OKC,0,0,,,,,,0,0,,,,,
58,0021400335,66,6,1,1,8:24 PM,4:50,,,Adams P.FOUL (P1.T1),,,5.0,203500,Steven Adams,1610612760.0,Oklahoma City,Thunder,OKC,4,203476,Gorgui Dieng,1610612750.0,Minnesota,Timberwolves,MIN,1,0,,,,,
59,0021400335,67,8,0,1,8:24 PM,4:50,,,SUB: Jackson FOR Roberson,,,5.0,203460,Andre Roberson,1610612760.0,Oklahoma City,Thunder,OKC,5,202704,Reggie Jackson,1610612760.0,Oklahoma City,Thunder,OKC,0,0,,,,,
60,0021400335,68,1,5,1,8:24 PM,4:43,Young 2' Layup (4 PTS) (Dieng 2 AST),,,24 - 11,-13,4.0,201152,Thaddeus Young,1610612750.0,Minnesota,Timberwolves,MIN,4,203476,Gorgui Dieng,1610612750.0,Minnesota,Timberwolves,MIN,0,0,,,,,
61,0021400335,69,1,81,1,8:25 PM,4:23,,,Westbrook 18' Pullup Bank Shot (6 PTS),26 - 11,-15,5.0,201566,Russell Westbrook,1610612760.0,Oklahoma City,Thunder,OKC,0,0,,,,,,0,0,,,,,
62,0021400335,70,2,5,1,8:25 PM,4:12,MISS Young 1' Layup,,Adams BLOCK (1 BLK),,,4.0,201152,Thaddeus Young,1610612750.0,Minnesota,Timberwolves,MIN,0,0,,,,,,5,203500,Steven Adams,1610612760.0,Oklahoma City,Thunder,OKC
63,0021400335,71,4,0,1,8:25 PM,4:11,TIMBERWOLVES Rebound,,,,,2.0,1610612750,,,,,,0,0,,,,,,0,0,,,,,
64,0021400335,72,8,0,1,8:25 PM,4:11,,,SUB: Perkins FOR Adams,,,5.0,203500,Steven Adams,1610612760.0,Oklahoma City,Thunder,OKC,5,2570,Kendrick Perkins,1610612760.0,Oklahoma City,Thunder,OKC,0,0,,,,,
65,0021400335,73,2,47,1,8:25 PM,4:03,MISS Young 12' Turnaround Jump Shot,,,,,4.0,201152,Thaddeus Young,1610612750.0,Minnesota,Timberwolves,MIN,0,0,,,,,,0,0,,,,,
66,0021400335,74,4,0,1,8:25 PM,4:02,,,Perkins REBOUND (Off:0 Def:1),,,5.0,2570,Kendrick Perkins,1610612760.0,Oklahoma City,Thunder,OKC,0,0,,,,,,0,0,,,,,
67,0021400335,75,6,2,1,8:26 PM,3:58,LaVine S.FOUL (P2.T3),,,,,4.0,203897,Zach LaVine,1610612750.0,Minnesota,Timberwolves,MIN,5,201566,Russell Westbrook,1610612760.0,Oklahoma City,Thunder,OKC,1,0,,,,,
68,0021400335,76,3,11,1,8:26 PM,3:58,,,Westbrook Free Throw 1 of 2 (7 PTS),27 - 11,-16,5.0,201566,Russell Westbrook,1610612760.0,Oklahoma City,Thunder,OKC,0,0,,,,,,0,0,,,,,
69,0021400335,78,8,0,1,8:26 PM,3:58,SUB: Brewer FOR LaVine,,,,,4.0,203897,Zach LaVine,1610612750.0,Minnesota,Timberwolves,MIN,4,201147,Corey Brewer,1610612750.0,Minnesota,Timberwolves,MIN,0,0,,,,,
70,0021400335,80,8,0,1,8:26 PM,3:58,,,SUB: Lamb FOR Ibaka,,,5.0,201586,Serge Ibaka,1610612760.0,Oklahoma City,Thunder,OKC,5,203087,Jeremy Lamb,1610612760.0,Oklahoma City,Thunder,OKC,0,0,,,,,
71,0021400335,81,3,12,1,8:26 PM,3:58,,,Westbrook Free Throw 2 of 2 (8 PTS),28 - 11,-17,5.0,201566,Russell Westbrook,1610612760.0,Oklahoma City,Thunder,OKC,0,0,,,,,,0,0,,,,,
72,0021400335,83,5,2,1,8:27 PM,3:48,Wiggins Lost Ball Turnover (P2.T4),,Westbrook STEAL (1 STL),,,4.0,203952,Andrew Wiggins,1610612750.0,Minnesota,Timberwolves,MIN,5,201566,Russell Westbrook,1610612760.0,Oklahoma City,Thunder,OKC,0,0,,,,,
73,0021400335,84,2,1,1,8:27 PM,3:39,,,MISS Lamb 25' 3PT Jump Shot,,,5.0,203087,Jeremy Lamb,1610612760.0,Oklahoma City,Thunder,OKC,0,0,,,,,,0,0,,,,,
74,0021400335,85,4,0,1,8:27 PM,3:37,,,Perkins REBOUND (Off:1 Def:1),,,5.0,2570,Kendrick Perkins,1610612760.0,Oklahoma City,Thunder,OKC,0,0,,,,,,0,0,,,,,
75,0021400335,86,2,65,1,8:27 PM,3:29,,,MISS Perkins 5' Jump Hook Shot,,,5.0,2570,Kendrick Perkins,1610612760.0,Oklahoma City,Thunder,OKC,0,0,,,,,,0,0,,,,,
76,0021400335,87,4,0,1,8:27 PM,3:28,Dieng REBOUND (Off:0 Def:1),,,,,4.0,203476,Gorgui Dieng,1610612750.0,Minnesota,Timberwolves,MIN,0,0,,,,,,0,0,,,,,
77,0021400335,88,6,2,1,8:27 PM,3:18,,,Perkins S.FOUL (P1.T2),,,5.0,2570,Kendrick Perkins,1610612760.0,Oklahoma City,Thunder,OKC,4,203476,Gorgui Dieng,1610612750.0,Minnesota,Timberwolves,MIN,1,0,,,,,
78,0021400335,89,3,11,1,8:27 PM,3:18,MISS Dieng Free Throw 1 of 2,,,,,4.0,203476,Gorgui Dieng,1610612750.0,Minnesota,Timberwolves,MIN,0,0,,,,,,0,0,,,,,
79,0021400335,90,4,1,1,8:27 PM,3:18,TIMBERWOLVES Rebound,,,,,2.0,1610612750,,,,,,0,0,,,,,,0,0,,,,,
80,0021400335,91,8,0,1,8:28 PM,3:18,SUB: Bennett FOR Young,,,,,4.0,201152,Thaddeus Young,1610612750.0,Minnesota,Timberwolves,MIN,4,203461,Anthony Bennett,1610612750.0,Minnesota,Timberwolves,MIN,0,0,,,,,
81,0021400335,92,3,12,1,8:28 PM,3:18,Dieng Free Throw 2 of 2 (1 PTS),,,28 - 12,-16,4.0,203476,Gorgui Dieng,1610612750.0,Minnesota,Timberwolves,MIN,0,0,,,,,,0,0,,,,,
82,0021400335,94,1,42,1,8:28 PM,3:09,,,Westbrook 2' Driving Layup (10 PTS),30 - 12,-18,5.0,201566,Russell Westbrook,1610612760.0,Oklahoma City,Thunder,OKC,0,0,,,,,,0,0,,,,,
83,0021400335,95,2,1,1,8:29 PM,2:54,MISS Muhammad 21' Jump Shot,,,,,4.0,203498,Shabazz Muhammad,1610612750.0,Minnesota,Timberwolves,MIN,0,0,,,,,,0,0,,,,,
84,0021400335,96,4,0,1,8:29 PM,2:53,Wiggins REBOUND (Off:1 Def:1),,,,,4.0,203952,Andrew Wiggins,1610612750.0,Minnesota,Timberwolves,MIN,0,0,,,,,,0,0,,,,,
85,0021400335,97,1,7,1,8:29 PM,2:52,Wiggins  Dunk (4 PTS),,,30 - 14,-16,4.0,203952,Andrew Wiggins,1610612750.0,Minnesota,Timberwolves,MIN,0,0,,,,,,0,0,,,,,
86,0021400335,98,2,1,1,8:29 PM,2:33,,,MISS Westbrook  3PT Jump Shot,,,5.0,201566,Russell Westbrook,1610612760.0,Oklahoma City,Thunder,OKC,0,0,,,,,,0,0,,,,,
87,0021400335,99,4,0,1,8:29 PM,2:32,Wiggins REBOUND (Off:1 Def:2),,,,,4.0,203952,Andrew Wiggins,1610612750.0,Minnesota,Timberwolves,MIN,0,0,,,,,,0,0,,,,,
88,0021400335,100,1,42,1,8:29 PM,2:28,Brewer 1' Driving Layup (2 PTS),,,30 - 16,-14,4.0,201147,Corey Brewer,1610612750.0,Minnesota,Timberwolves,MIN,0,0,,,,,,0,0,,,,,
89,0021400335,101,9,1,1,8:29 PM,2:21,,,Thunder Timeout: Regular (Reg.1 Short 0),,,3.0,1610612760,,,,,,0,0,,,,,,0,0,,,,,
90,0021400335,103,8,0,1,8:32 PM,2:21,,,SUB: Collison FOR Jones,,,5.0,203103,Perry Jones,1610612760.0,Oklahoma City,Thunder,OKC,5,2555,Nick Collison,1610612760.0,Oklahoma City,Thunder,OKC,0,0,,,,,
91,0021400335,104,8,0,1,8:32 PM,2:21,,,SUB: Morrow FOR Westbrook,,,5.0,201566,Russell Westbrook,1610612760.0,Oklahoma City,Thunder,OKC,5,201627,Anthony Morrow,1610612760.0,Oklahoma City,Thunder,OKC,0,0,,,,,
92,0021400335,105,1,79,1,8:32 PM,2:12,,,Jackson 18' Pullup Jump Shot (2 PTS),32 - 16,-16,5.0,202704,Reggie Jackson,1610612760.0,Oklahoma City,Thunder,OKC,0,0,,,,,,0,0,,,,,
93,0021400335,106,6,2,1,8:32 PM,1:59,,,Lamb S.FOUL (P1.T3),,,5.0,203087,Jeremy Lamb,1610612760.0,Oklahoma City,Thunder,OKC,4,203498,Shabazz Muhammad,1610612750.0,Minnesota,Timberwolves,MIN,1,0,,,,,
94,0021400335,107,3,11,1,8:32 PM,1:59,Muhammad Free Throw 1 of 2 (1 PTS),,,32 - 17,-15,4.0,203498,Shabazz Muhammad,1610612750.0,Minnesota,Timberwolves,MIN,0,0,,,,,,0,0,,,,,
95,0021400335,109,3,12,1,8:33 PM,1:59,MISS Muhammad Free Throw 2 of 2,,,,,4.0,203498,Shabazz Muhammad,1610612750.0,Minnesota,Timberwolves,MIN,0,0,,,,,,0,0,,,,,
96,0021400335,111,4,0,1,8:33 PM,1:59,,,Collison REBOUND (Off:0 Def:1),,,5.0,2555,Nick Collison,1610612760.0,Oklahoma City,Thunder,OKC,0,0,,,,,,0,0,,,,,
97,0021400335,112,1,79,1,8:33 PM,1:40,,,Lamb 18' Pullup Jump Shot (2 PTS),34 - 17,-17,5.0,203087,Jeremy Lamb,1610612760.0,Oklahoma City,Thunder,OKC,0,0,,,,,,0,0,,,,,
98,0021400335,113,2,1,1,8:33 PM,1:26,MISS Bennett 20' Jump Shot,,,,,4.0,203461,Anthony Bennett,1610612750.0,Minnesota,Timberwolves,MIN,0,0,,,,,,0,0,,,,,
99,0021400335,114,4,0,1,8:33 PM,1:25,,,Morrow REBOUND (Off:0 Def:1),,,5.0,201627,Anthony Morrow,1610612760.0,Oklahoma City,Thunder,OKC,0,0,,,,,,0,0,,,,,
100,0021400335,115,1,79,1,8:33 PM,1:20,,,Morrow 16' Pullup Jump Shot (2 PTS),36 - 17,-19,5.0,201627,Anthony Morrow,1610612760.0,Oklahoma City,Thunder,OKC,0,0,,,,,,0,0,,,,,
101,0021400335,116,2,42,1,8:34 PM,1:03,MISS Brewer  Driving Layup,,,,,4.0,201147,Corey Brewer,1610612750.0,Minnesota,Timberwolves,MIN,0,0,,,,,,0,0,,,,,
102,0021400335,117,4,0,1,8:34 PM,1:02,Wiggins REBOUND (Off:2 Def:2),,,,,4.0,203952,Andrew Wiggins,1610612750.0,Minnesota,Timberwolves,MIN,0,0,,,,,,0,0,,,,,
103,0021400335,118,2,5,1,8:34 PM,1:00,MISS Wiggins 1' Layup,,,,,4.0,203952,Andrew Wiggins,1610612750.0,Minnesota,Timberwolves,MIN,0,0,,,,,,0,0,,,,,
104,0021400335,119,4,0,1,8:34 PM,0:58,,,Perkins REBOUND (Off:1 Def:2),,,5.0,2570,Kendrick Perkins,1610612760.0,Oklahoma City,Thunder,OKC,0,0,,,,,,0,0,,,,,
105,0021400335,120,1,1,1,8:34 PM,0:52,,,Morrow  3PT Jump Shot (5 PTS) (Jackson 1 AST),39 - 17,-22,5.0,201627,Anthony Morrow,1610612760.0,Oklahoma City,Thunder,OKC,5,202704,Reggie Jackson,1610612760.0,Oklahoma City,Thunder,OKC,0,0,,,,,
106,0021400335,121,2,5,1,8:34 PM,0:38,MISS Muhammad 1' Layup,,,,,4.0,203498,Shabazz Muhammad,1610612750.0,Minnesota,Timberwolves,MIN,0,0,,,,,,0,0,,,,,
107,0021400335,122,4,0,1,8:34 PM,0:36,,,Perkins REBOUND (Off:1 Def:3),,,5.0,2570,Kendrick Perkins,1610612760.0,Oklahoma City,Thunder,OKC,0,0,,,,,,0,0,,,,,
108,0021400335,123,2,1,1,8:34 PM,0:29,,,MISS Lamb 25' 3PT Jump Shot,,,5.0,203087,Jeremy Lamb,1610612760.0,Oklahoma City,Thunder,OKC,0,0,,,,,,0,0,,,,,
109,0021400335,124,4,0,1,8:34 PM,0:28,Brewer REBOUND (Off:0 Def:2),,,,,4.0,201147,Corey Brewer,1610612750.0,Minnesota,Timberwolves,MIN,0,0,,,,,,0,0,,,,,
110,0021400335,125,6,2,1,8:35 PM,0:19,,,Collison S.FOUL (P1.PN),,,5.0,2555,Nick Collison,1610612760.0,Oklahoma City,Thunder,OKC,4,203498,Shabazz Muhammad,1610612750.0,Minnesota,Timberwolves,MIN,1,0,,,,,
111,0021400335,126,3,11,1,8:35 PM,0:19,Muhammad Free Throw 1 of 2 (2 PTS),,,39 - 18,-21,4.0,203498,Shabazz Muhammad,1610612750.0,Minnesota,Timberwolves,MIN,0,0,,,,,,0,0,,,,,
112,0021400335,128,8,0,1,8:35 PM,0:19,,,SUB: Durant FOR Perkins,,,5.0,2570,Kendrick Perkins,1610612760.0,Oklahoma City,Thunder,OKC,5,201142,Kevin Durant,1610612760.0,Oklahoma City,Thunder,OKC,0,0,,,,,
113,0021400335,129,8,0,1,8:35 PM,0:19,SUB: Adrien FOR Dieng,,,,,4.0,203476,Gorgui Dieng,1610612750.0,Minnesota,Timberwolves,MIN,4,202399,Jeff Adrien,1610612750.0,Minnesota,Timberwolves,MIN,0,0,,,,,
114,0021400335,130,3,12,1,8:35 PM,0:19,Muhammad Free Throw 2 of 2 (3 PTS),,,39 - 19,-20,4.0,203498,Shabazz Muhammad,1610612750.0,Minnesota,Timberwolves,MIN,0,0,,,,,,0,0,,,,,
115,0021400335,132,5,1,1,8:36 PM,0:03,Brewer STEAL (1 STL),,Durant Bad Pass Turnover (P1.T3),,,5.0,201142,Kevin Durant,1610612760.0,Oklahoma City,Thunder,OKC,4,201147,Corey Brewer,1610612750.0,Minnesota,Timberwolves,MIN,0,0,,,,,
116,0021400335,133,1,88,1,8:36 PM,0:00,Brewer  Driving Slam Dunk (4 PTS),,,39 - 21,-18,4.0,201147,Corey Brewer,1610612750.0,Minnesota,Timberwolves,MIN,0,0,,,,,,0,0,,,,,
117,0021400335,134,13,0,1,8:36 PM,0:00,,,,39 - 21,-18,0.0,0,,,,,,0,0,,,,,,0,0,,,,,
118,0021400335,136,12,0,2,8:38 PM,12:00,,,,39 - 21,-18,0.0,0,,,,,,0,0,,,,,,0,0,,,,,
119,0021400335,137,1,63,2,8:39 PM,11:39,Adrien 5' Fadeaway Jumper (2 PTS),,,39 - 23,-16,4.0,202399,Jeff Adrien,1610612750.0,Minnesota,Timberwolves,MIN,0,0,,,,,,0,0,,,,,
120,0021400335,138,6,2,2,8:39 PM,11:39,,,Collison S.FOUL (P2.T1),,,5.0,2555,Nick Collison,1610612760.0,Oklahoma City,Thunder,OKC,4,202399,Jeff Adrien,1610612750.0,Minnesota,Timberwolves,MIN,1,0,,,,,
121,0021400335,152,7,3,2,8:40 PM,11:39,,,Jackson Violation:Lane,,,5.0,202704,Reggie Jackson,1610612760.0,Oklahoma City,Thunder,OKC,0,0,,,,,,1,0,,,,,
122,0021400335,143,3,10,2,8:40 PM,11:39,MISS Adrien Free Throw 1 of 1,,,,,4.0,202399,Jeff Adrien,1610612750.0,Minnesota,Timberwolves,MIN,0,0,,,,,,0,0,,,,,
123,0021400335,146,4,0,2,8:40 PM,11:39,,,Durant REBOUND (Off:0 Def:1),,,5.0,201142,Kevin Durant,1610612760.0,Oklahoma City,Thunder,OKC,0,0,,,,,,0,0,,,,,
124,0021400335,145,1,1,2,8:40 PM,11:21,,,Morrow  3PT Jump Shot (8 PTS) (Lamb 1 AST),42 - 23,-19,5.0,201627,Anthony Morrow,1610612760.0,Oklahoma City,Thunder,OKC,5,203087,Jeremy Lamb,1610612760.0,Oklahoma City,Thunder,OKC,0,0,,,,,
125,0021400335,148,1,41,2,8:40 PM,10:58,Bennett 3' Running Layup (2 PTS),,,42 - 25,-17,4.0,203461,Anthony Bennett,1610612750.0,Minnesota,Timberwolves,MIN,0,0,,,,,,0,0,,,,,
126,0021400335,149,2,5,2,8:40 PM,10:45,,,MISS Collison 1' Layup,,,5.0,2555,Nick Collison,1610612760.0,Oklahoma City,Thunder,OKC,0,0,,,,,,0,0,,,,,
127,0021400335,150,4,0,2,8:40 PM,10:44,Bennett REBOUND (Off:0 Def:1),,,,,4.0,203461,Anthony Bennett,1610612750.0,Minnesota,Timberwolves,MIN,0,0,,,,,,0,0,,,,,
128,0021400335,151,1,1,2,8:41 PM,10:27,LaVine 22' Jump Shot (7 PTS) (Muhammad 1 AST),,,42 - 27,-15,4.0,203897,Zach LaVine,1610612750.0,Minnesota,Timberwolves,MIN,4,203498,Shabazz Muhammad,1610612750.0,Minnesota,Timberwolves,MIN,0,0,,,,,
129,0021400335,153,2,1,2,8:41 PM,10:09,,,MISS Lamb 26' 3PT Jump Shot,,,5.0,203087,Jeremy Lamb,1610612760.0,Oklahoma City,Thunder,OKC,0,0,,,,,,0,0,,,,,
130,0021400335,154,4,0,2,8:41 PM,10:07,,,Collison REBOUND (Off:1 Def:1),,,5.0,2555,Nick Collison,1610612760.0,Oklahoma City,Thunder,OKC,0,0,,,,,,0,0,,,,,
131,0021400335,155,6,2,2,8:41 PM,10:05,Bennett S.FOUL (P1.T1),,,,,4.0,203461,Anthony Bennett,1610612750.0,Minnesota,Timberwolves,MIN,5,201142,Kevin Durant,1610612760.0,Oklahoma City,Thunder,OKC,1,0,,,,,
132,0021400335,156,3,11,2,8:41 PM,10:05,,,Durant Free Throw 1 of 2 (4 PTS),43 - 27,-16,5.0,201142,Kevin Durant,1610612760.0,Oklahoma City,Thunder,OKC,0,0,,,,,,0,0,,,,,
133,0021400335,159,8,0,2,8:42 PM,10:05,,,SUB: Perkins FOR Lamb,,,5.0,203087,Jeremy Lamb,1610612760.0,Oklahoma City,Thunder,OKC,5,2570,Kendrick Perkins,1610612760.0,Oklahoma City,Thunder,OKC,0,0,,,,,
134,0021400335,160,3,12,2,8:42 PM,10:05,,,Durant Free Throw 2 of 2 (5 PTS),44 - 27,-17,5.0,201142,Kevin Durant,1610612760.0,Oklahoma City,Thunder,OKC,0,0,,,,,,0,0,,,,,
135,0021400335,163,2,7,2,8:42 PM,9:52,MISS Muhammad  Dunk,,,,,4.0,203498,Shabazz Muhammad,1610612750.0,Minnesota,Timberwolves,MIN,0,0,,,,,,0,0,,,,,
136,0021400335,164,4,0,2,8:42 PM,9:51,,,Morrow REBOUND (Off:0 Def:2),,,5.0,201627,Anthony Morrow,1610612760.0,Oklahoma City,Thunder,OKC,0,0,,,,,,0,0,,,,,
137,0021400335,165,1,78,2,8:42 PM,9:44,,,Morrow 6' Floating Jump Shot (10 PTS) (Jackson 2 AST),46 - 27,-19,5.0,201627,Anthony Morrow,1610612760.0,Oklahoma City,Thunder,OKC,5,202704,Reggie Jackson,1610612760.0,Oklahoma City,Thunder,OKC,0,0,,,,,
138,0021400335,166,2,80,2,8:42 PM,9:32,MISS LaVine 21' Step Back Jump Shot,,,,,4.0,203897,Zach LaVine,1610612750.0,Minnesota,Timberwolves,MIN,0,0,,,,,,0,0,,,,,
139,0021400335,167,4,0,2,8:42 PM,9:31,,,Durant REBOUND (Off:0 Def:2),,,5.0,201142,Kevin Durant,1610612760.0,Oklahoma City,Thunder,OKC,0,0,,,,,,0,0,,,,,
140,0021400335,168,1,75,2,8:43 PM,9:22,,,Durant 2' Driving Finger Roll Layup (7 PTS),48 - 27,-21,5.0,201142,Kevin Durant,1610612760.0,Oklahoma City,Thunder,OKC,0,0,,,,,,0,0,,,,,
141,0021400335,169,6,2,2,8:43 PM,9:01,,,Perkins S.FOUL (P2.T2),,,5.0,2570,Kendrick Perkins,1610612760.0,Oklahoma City,Thunder,OKC,4,203897,Zach LaVine,1610612750.0,Minnesota,Timberwolves,MIN,1,0,,,,,
142,0021400335,170,3,11,2,8:43 PM,9:01,LaVine Free Throw 1 of 2 (8 PTS),,,48 - 28,-20,4.0,203897,Zach LaVine,1610612750.0,Minnesota,Timberwolves,MIN,0,0,,,,,,0,0,,,,,
143,0021400335,172,3,12,2,8:43 PM,9:01,LaVine Free Throw 2 of 2 (9 PTS),,,48 - 29,-19,4.0,203897,Zach LaVine,1610612750.0,Minnesota,Timberwolves,MIN,0,0,,,,,,0,0,,,,,
144,0021400335,174,1,5,2,8:44 PM,8:54,,,Jackson 1' Layup (4 PTS) (Durant 4 AST),50 - 29,-21,5.0,202704,Reggie Jackson,1610612760.0,Oklahoma City,Thunder,OKC,5,201142,Kevin Durant,1610612760.0,Oklahoma City,Thunder,OKC,0,0,,,,,
145,0021400335,175,9,1,2,8:44 PM,8:46,TIMBERWOLVES Timeout: Regular (Full 2 Short 1),,,,,2.0,1610612750,,,,,,0,0,,,,,,0,0,,,,,
146,0021400335,177,8,0,2,8:46 PM,8:46,SUB: Dieng FOR Adrien,,,,,4.0,202399,Jeff Adrien,1610612750.0,Minnesota,Timberwolves,MIN,4,203476,Gorgui Dieng,1610612750.0,Minnesota,Timberwolves,MIN,0,0,,,,,
147,0021400335,178,8,0,2,8:46 PM,8:46,SUB: Wiggins FOR LaVine,,,,,4.0,203897,Zach LaVine,1610612750.0,Minnesota,Timberwolves,MIN,4,203952,Andrew Wiggins,1610612750.0,Minnesota,Timberwolves,MIN,0,0,,,,,
148,0021400335,179,8,0,2,8:46 PM,8:46,SUB: Young FOR Bennett,,,,,4.0,203461,Anthony Bennett,1610612750.0,Minnesota,Timberwolves,MIN,4,201152,Thaddeus Young,1610612750.0,Minnesota,Timberwolves,MIN,0,0,,,,,
149,0021400335,180,8,0,2,8:47 PM,8:46,,,SUB: Ibaka FOR Collison,,,5.0,2555,Nick Collison,1610612760.0,Oklahoma City,Thunder,OKC,5,201586,Serge Ibaka,1610612760.0,Oklahoma City,Thunder,OKC,0,0,,,,,
150,0021400335,181,1,1,2,8:47 PM,8:31,Muhammad 20' Jump Shot (5 PTS) (Brewer 2 AST),,,50 - 31,-19,4.0,203498,Shabazz Muhammad,1610612750.0,Minnesota,Timberwolves,MIN,4,201147,Corey Brewer,1610612750.0,Minnesota,Timberwolves,MIN,0,0,,,,,
151,0021400335,182,2,1,2,8:47 PM,8:07,,,MISS Morrow 24' 3PT Jump Shot,,,5.0,201627,Anthony Morrow,1610612760.0,Oklahoma City,Thunder,OKC,0,0,,,,,,0,0,,,,,
152,0021400335,183,4,0,2,8:47 PM,8:06,Dieng REBOUND (Off:0 Def:2),,,,,4.0,203476,Gorgui Dieng,1610612750.0,Minnesota,Timberwolves,MIN,0,0,,,,,,0,0,,,,,
153,0021400335,184,6,1,2,8:47 PM,8:00,,,Jackson P.FOUL (P1.T3),,,5.0,202704,Reggie Jackson,1610612760.0,Oklahoma City,Thunder,OKC,4,201147,Corey Brewer,1610612750.0,Minnesota,Timberwolves,MIN,1,0,,,,,
154,0021400335,185,8,0,2,8:48 PM,8:00,,,SUB: Westbrook FOR Morrow,,,5.0,201627,Anthony Morrow,1610612760.0,Oklahoma City,Thunder,OKC,5,201566,Russell Westbrook,1610612760.0,Oklahoma City,Thunder,OKC,0,0,,,,,
155,0021400335,186,2,1,2,8:48 PM,7:49,MISS Brewer  3PT Jump Shot,,,,,4.0,201147,Corey Brewer,1610612750.0,Minnesota,Timberwolves,MIN,0,0,,,,,,0,0,,,,,
156,0021400335,187,4,0,2,8:48 PM,7:48,Dieng REBOUND (Off:1 Def:2),,,,,4.0,203476,Gorgui Dieng,1610612750.0,Minnesota,Timberwolves,MIN,0,0,,,,,,0,0,,,,,
157,0021400335,188,2,5,2,8:48 PM,7:46,MISS Dieng 3' Layup,,Ibaka BLOCK (1 BLK),,,4.0,203476,Gorgui Dieng,1610612750.0,Minnesota,Timberwolves,MIN,0,0,,,,,,5,201586,Serge Ibaka,1610612760.0,Oklahoma City,Thunder,OKC
158,0021400335,190,4,0,2,8:48 PM,7:45,Dieng REBOUND (Off:2 Def:2),,,,,4.0,203476,Gorgui Dieng,1610612750.0,Minnesota,Timberwolves,MIN,0,0,,,,,,0,0,,,,,
159,0021400335,189,1,4,2,8:48 PM,7:45,Dieng 1' Tip Shot (3 PTS),,,50 - 33,-17,4.0,203476,Gorgui Dieng,1610612750.0,Minnesota,Timberwolves,MIN,0,0,,,,,,0,0,,,,,
160,0021400335,191,6,4,2,8:48 PM,7:29,,,Perkins OFF.Foul (P3),,,5.0,2570,Kendrick Perkins,1610612760.0,Oklahoma City,Thunder,OKC,4,203476,Gorgui Dieng,1610612750.0,Minnesota,Timberwolves,MIN,1,0,,,,,
161,0021400335,192,5,5,2,8:48 PM,7:29,,,Perkins Foul Turnover (P1.T4),,,5.0,2570,Kendrick Perkins,1610612760.0,Oklahoma City,Thunder,OKC,0,0,,,,,,1,0,,,,,
162,0021400335,193,6,1,2,8:49 PM,7:20,,,Jackson P.FOUL (P2.T4),,,5.0,202704,Reggie Jackson,1610612760.0,Oklahoma City,Thunder,OKC,4,203498,Shabazz Muhammad,1610612750.0,Minnesota,Timberwolves,MIN,1,0,,,,,
163,0021400335,194,8,0,2,8:49 PM,7:20,,,SUB: Adams FOR Perkins,,,5.0,2570,Kendrick Perkins,1610612760.0,Oklahoma City,Thunder,OKC,5,203500,Steven Adams,1610612760.0,Oklahoma City,Thunder,OKC,0,0,,,,,
164,0021400335,195,1,65,2,8:49 PM,7:13,Muhammad 10' Jump Hook Shot (7 PTS) (Brewer 3 AST),,,50 - 35,-15,4.0,203498,Shabazz Muhammad,1610612750.0,Minnesota,Timberwolves,MIN,4,201147,Corey Brewer,1610612750.0,Minnesota,Timberwolves,MIN,0,0,,,,,
165,0021400335,196,5,1,2,8:50 PM,7:01,,,Durant Bad Pass Turnover (P2.T5),,,5.0,201142,Kevin Durant,1610612760.0,Oklahoma City,Thunder,OKC,0,0,,,,,,0,0,,,,,
166,0021400335,197,2,1,2,8:50 PM,6:46,MISS Muhammad 7' Jump Shot,,Durant BLOCK (1 BLK),,,4.0,203498,Shabazz Muhammad,1610612750.0,Minnesota,Timberwolves,MIN,0,0,,,,,,5,201142,Kevin Durant,1610612760.0,Oklahoma City,Thunder,OKC
167,0021400335,198,4,0,2,8:50 PM,6:44,Dieng REBOUND (Off:3 Def:2),,,,,4.0,203476,Gorgui Dieng,1610612750.0,Minnesota,Timberwolves,MIN,0,0,,,,,,0,0,,,,,
168,0021400335,199,6,2,2,8:50 PM,6:41,,,Durant S.FOUL (P1.PN),,,5.0,201142,Kevin Durant,1610612760.0,Oklahoma City,Thunder,OKC,4,203952,Andrew Wiggins,1610612750.0,Minnesota,Timberwolves,MIN,1,0,,,,,
169,0021400335,200,3,11,2,8:50 PM,6:41,Wiggins Free Throw 1 of 2 (5 PTS),,,50 - 36,-14,4.0,203952,Andrew Wiggins,1610612750.0,Minnesota,Timberwolves,MIN,0,0,,,,,,0,0,,,,,
170,0021400335,202,3,12,2,8:50 PM,6:41,Wiggins Free Throw 2 of 2 (6 PTS),,,50 - 37,-13,4.0,203952,Andrew Wiggins,1610612750.0,Minnesota,Timberwolves,MIN,0,0,,,,,,0,0,,,,,
171,0021400335,204,6,2,2,8:51 PM,6:27,Brewer S.FOUL (P1.T2),,,,,4.0,201147,Corey Brewer,1610612750.0,Minnesota,Timberwolves,MIN,5,201142,Kevin Durant,1610612760.0,Oklahoma City,Thunder,OKC,1,0,,,,,
172,0021400335,205,3,11,2,8:51 PM,6:27,,,Durant Free Throw 1 of 2 (8 PTS),51 - 37,-14,5.0,201142,Kevin Durant,1610612760.0,Oklahoma City,Thunder,OKC,0,0,,,,,,0,0,,,,,
173,0021400335,207,8,0,2,8:51 PM,6:27,,,SUB: Roberson FOR Jackson,,,5.0,202704,Reggie Jackson,1610612760.0,Oklahoma City,Thunder,OKC,5,203460,Andre Roberson,1610612760.0,Oklahoma City,Thunder,OKC,0,0,,,,,
174,0021400335,208,3,12,2,8:51 PM,6:27,,,Durant Free Throw 2 of 2 (9 PTS),52 - 37,-15,5.0,201142,Kevin Durant,1610612760.0,Oklahoma City,Thunder,OKC,0,0,,,,,,0,0,,,,,
175,0021400335,210,5,1,2,8:52 PM,6:18,Brewer Bad Pass Turnover (P2.T5),,,,,4.0,201147,Corey Brewer,1610612750.0,Minnesota,Timberwolves,MIN,0,0,,,,,,0,0,,,,,
176,0021400335,211,1,41,2,8:52 PM,6:08,,,Westbrook 1' Running Layup (12 PTS),54 - 37,-17,5.0,201566,Russell Westbrook,1610612760.0,Oklahoma City,Thunder,OKC,0,0,,,,,,0,0,,,,,
177,0021400335,212,6,1,2,8:52 PM,5:50,,,Westbrook P.FOUL (P1.PN),,,5.0,201566,Russell Westbrook,1610612760.0,Oklahoma City,Thunder,OKC,4,203476,Gorgui Dieng,1610612750.0,Minnesota,Timberwolves,MIN,1,0,,,,,
178,0021400335,213,9,1,2,8:52 PM,5:50,,,,,,1.0,0,,,,,,0,0,,,,,,0,0,,,,,
179,0021400335,215,8,0,2,8:54 PM,5:50,SUB: LaVine FOR Brewer,,,,,4.0,201147,Corey Brewer,1610612750.0,Minnesota,Timberwolves,MIN,4,203897,Zach LaVine,1610612750.0,Minnesota,Timberwolves,MIN,0,0,,,,,
180,0021400335,216,8,0,2,8:55 PM,5:50,,,SUB: Morrow FOR Durant,,,5.0,201142,Kevin Durant,1610612760.0,Oklahoma City,Thunder,OKC,5,201627,Anthony Morrow,1610612760.0,Oklahoma City,Thunder,OKC,0,0,,,,,
181,0021400335,217,3,11,2,8:55 PM,5:50,MISS Dieng Free Throw 1 of 2,,,,,4.0,203476,Gorgui Dieng,1610612750.0,Minnesota,Timberwolves,MIN,0,0,,,,,,0,0,,,,,
182,0021400335,218,4,1,2,8:55 PM,5:50,TIMBERWOLVES Rebound,,,,,2.0,1610612750,,,,,,0,0,,,,,,0,0,,,,,
183,0021400335,219,3,12,2,8:55 PM,5:50,Dieng Free Throw 2 of 2 (4 PTS),,,54 - 38,-16,4.0,203476,Gorgui Dieng,1610612750.0,Minnesota,Timberwolves,MIN,0,0,,,,,,0,0,,,,,
184,0021400335,222,2,1,2,8:56 PM,5:37,,,MISS Morrow 16' Jump Shot,,,5.0,201627,Anthony Morrow,1610612760.0,Oklahoma City,Thunder,OKC,0,0,,,,,,0,0,,,,,
185,0021400335,223,4,0,2,8:56 PM,5:36,,,Adams REBOUND (Off:2 Def:1),,,5.0,203500,Steven Adams,1610612760.0,Oklahoma City,Thunder,OKC,0,0,,,,,,0,0,,,,,
186,0021400335,224,2,5,2,8:56 PM,5:34,Dieng BLOCK (3 BLK),,MISS Adams 2' Layup,,,5.0,203500,Steven Adams,1610612760.0,Oklahoma City,Thunder,OKC,0,0,,,,,,4,203476,Gorgui Dieng,1610612750.0,Minnesota,Timberwolves,MIN
187,0021400335,225,4,0,2,8:56 PM,5:33,,,Thunder Rebound,,,3.0,1610612760,,,,,,0,0,,,,,,0,0,,,,,
188,0021400335,226,6,11,2,8:56 PM,5:27,Muhammad T.FOUL (P0.T2),,,,,4.0,203498,Shabazz Muhammad,1610612750.0,Minnesota,Timberwolves,MIN,0,0,,,,,,1,0,,,,,
189,0021400335,227,3,16,2,8:57 PM,5:27,,,MISS Westbrook Free Throw Technical,,,5.0,201566,Russell Westbrook,1610612760.0,Oklahoma City,Thunder,OKC,0,0,,,,,,0,0,,,,,
190,0021400335,228,4,1,2,8:57 PM,5:27,,,Thunder Rebound,,,3.0,1610612760,,,,,,0,0,,,,,,0,0,,,,,
191,0021400335,230,2,1,2,8:57 PM,5:16,,,MISS Westbrook 13' Jump Shot,,,5.0,201566,Russell Westbrook,1610612760.0,Oklahoma City,Thunder,OKC,0,0,,,,,,0,0,,,,,
192,0021400335,231,4,0,2,8:57 PM,5:15,Dieng REBOUND (Off:3 Def:3),,,,,4.0,203476,Gorgui Dieng,1610612750.0,Minnesota,Timberwolves,MIN,0,0,,,,,,0,0,,,,,
193,0021400335,232,6,1,2,8:57 PM,5:15,,,Adams P.FOUL (P2.PN),,,5.0,203500,Steven Adams,1610612760.0,Oklahoma City,Thunder,OKC,4,203476,Gorgui Dieng,1610612750.0,Minnesota,Timberwolves,MIN,1,0,,,,,
194,0021400335,234,3,11,2,8:58 PM,5:15,Dieng Free Throw 1 of 2 (5 PTS),,,54 - 39,-15,4.0,203476,Gorgui Dieng,1610612750.0,Minnesota,Timberwolves,MIN,0,0,,,,,,0,0,,,,,
195,0021400335,236,3,12,2,8:58 PM,5:15,MISS Dieng Free Throw 2 of 2,,,,,4.0,203476,Gorgui Dieng,1610612750.0,Minnesota,Timberwolves,MIN,0,0,,,,,,0,0,,,,,
196,0021400335,238,4,0,2,8:58 PM,5:15,,,Adams REBOUND (Off:2 Def:2),,,5.0,203500,Steven Adams,1610612760.0,Oklahoma City,Thunder,OKC,0,0,,,,,,0,0,,,,,
197,0021400335,239,6,2,2,8:58 PM,5:01,Wiggins S.FOUL (P2.T3),,,,,4.0,203952,Andrew Wiggins,1610612750.0,Minnesota,Timberwolves,MIN,5,201566,Russell Westbrook,1610612760.0,Oklahoma City,Thunder,OKC,1,0,,,,,
198,0021400335,240,3,11,2,8:58 PM,5:01,,,Westbrook Free Throw 1 of 2 (13 PTS),55 - 39,-16,5.0,201566,Russell Westbrook,1610612760.0,Oklahoma City,Thunder,OKC,0,0,,,,,,0,0,,,,,
199,0021400335,242,3,12,2,8:59 PM,5:01,,,Westbrook Free Throw 2 of 2 (14 PTS),56 - 39,-17,5.0,201566,Russell Westbrook,1610612760.0,Oklahoma City,Thunder,OKC,0,0,,,,,,0,0,,,,,
200,0021400335,244,1,80,2,8:59 PM,4:43,Dieng 12' Step Back Jump Shot (7 PTS) (Wiggins 1 AST),,,56 - 41,-15,4.0,203476,Gorgui Dieng,1610612750.0,Minnesota,Timberwolves,MIN,4,203952,Andrew Wiggins,1610612750.0,Minnesota,Timberwolves,MIN,0,0,,,,,
201,0021400335,245,5,1,2,8:59 PM,4:27,,,Westbrook Bad Pass Turnover (P1.T6),,,5.0,201566,Russell Westbrook,1610612760.0,Oklahoma City,Thunder,OKC,0,0,,,,,,0,0,,,,,
202,0021400335,246,1,46,2,9:00 PM,4:10,Young 5' Running Jump Shot (6 PTS) (LaVine 1 AST),,,56 - 43,-13,4.0,201152,Thaddeus Young,1610612750.0,Minnesota,Timberwolves,MIN,4,203897,Zach LaVine,1610612750.0,Minnesota,Timberwolves,MIN,0,0,,,,,
203,0021400335,247,9,1,2,9:00 PM,4:02,,,Thunder Timeout: Regular (Reg.2 Short 0),,,3.0,1610612760,,,,,,0,0,,,,,,0,0,,,,,
204,0021400335,249,1,1,2,9:03 PM,3:51,,,Morrow 19' Jump Shot (12 PTS) (Westbrook 3 AST),58 - 43,-15,5.0,201627,Anthony Morrow,1610612760.0,Oklahoma City,Thunder,OKC,5,201566,Russell Westbrook,1610612760.0,Oklahoma City,Thunder,OKC,0,0,,,,,
205,0021400335,250,2,1,2,9:03 PM,3:26,MISS LaVine 24' 3PT Jump Shot,,,,,4.0,203897,Zach LaVine,1610612750.0,Minnesota,Timberwolves,MIN,0,0,,,,,,0,0,,,,,
206,0021400335,251,4,0,2,9:03 PM,3:25,,,Westbrook REBOUND (Off:0 Def:1),,,5.0,201566,Russell Westbrook,1610612760.0,Oklahoma City,Thunder,OKC,0,0,,,,,,0,0,,,,,
207,0021400335,252,1,58,2,9:03 PM,3:18,,,Ibaka 3' Turnaround Hook Shot (9 PTS) (Morrow 1 AST),60 - 43,-17,5.0,201586,Serge Ibaka,1610612760.0,Oklahoma City,Thunder,OKC,5,201627,Anthony Morrow,1610612760.0,Oklahoma City,Thunder,OKC,0,0,,,,,
208,0021400335,253,6,4,2,9:04 PM,3:01,Young OFF.Foul (P1),,,,,4.0,201152,Thaddeus Young,1610612750.0,Minnesota,Timberwolves,MIN,5,201586,Serge Ibaka,1610612760.0,Oklahoma City,Thunder,OKC,1,0,,,,,
209,0021400335,254,5,5,2,9:04 PM,3:01,Young Foul Turnover (P2.T6),,,,,4.0,201152,Thaddeus Young,1610612750.0,Minnesota,Timberwolves,MIN,0,0,,,,,,1,0,,,,,
210,0021400335,255,1,1,2,9:04 PM,2:49,,,Westbrook 25' 3PT Jump Shot (17 PTS) (Adams 1 AST),63 - 43,-20,5.0,201566,Russell Westbrook,1610612760.0,Oklahoma City,Thunder,OKC,5,203500,Steven Adams,1610612760.0,Oklahoma City,Thunder,OKC,0,0,,,,,
211,0021400335,256,9,1,2,9:04 PM,2:40,TIMBERWOLVES Timeout: Regular (Full 3 Short 1),,,,,2.0,1610612750,,,,,,0,0,,,,,,0,0,,,,,
212,0021400335,258,6,2,2,9:06 PM,2:29,,,Roberson S.FOUL (P1.PN),,,5.0,203460,Andre Roberson,1610612760.0,Oklahoma City,Thunder,OKC,4,203498,Shabazz Muhammad,1610612750.0,Minnesota,Timberwolves,MIN,1,0,,,,,
213,0021400335,259,3,11,2,9:06 PM,2:29,MISS Muhammad Free Throw 1 of 2,,,,,4.0,203498,Shabazz Muhammad,1610612750.0,Minnesota,Timberwolves,MIN,0,0,,,,,,0,0,,,,,
214,0021400335,260,4,1,2,9:07 PM,2:29,TIMBERWOLVES Rebound,,,,,2.0,1610612750,,,,,,0,0,,,,,,0,0,,,,,
215,0021400335,261,6,11,2,9:07 PM,2:29,,,Roberson T.FOUL (P1.PN),,,5.0,203460,Andre Roberson,1610612760.0,Oklahoma City,Thunder,OKC,0,0,,,,,,1,0,,,,,
216,0021400335,262,3,16,2,9:07 PM,2:29,LaVine Free Throw Technical (10 PTS),,,63 - 44,-19,4.0,203897,Zach LaVine,1610612750.0,Minnesota,Timberwolves,MIN,0,0,,,,,,0,0,,,,,
217,0021400335,264,3,12,2,9:07 PM,2:29,Muhammad Free Throw 2 of 2 (8 PTS),,,63 - 45,-18,4.0,203498,Shabazz Muhammad,1610612750.0,Minnesota,Timberwolves,MIN,0,0,,,,,,0,0,,,,,
218,0021400335,266,2,1,2,9:08 PM,2:06,,,MISS Adams 3' Jump Shot,,,5.0,203500,Steven Adams,1610612760.0,Oklahoma City,Thunder,OKC,0,0,,,,,,0,0,,,,,
219,0021400335,268,4,0,2,9:08 PM,2:05,,,Roberson REBOUND (Off:3 Def:3),,,5.0,203460,Andre Roberson,1610612760.0,Oklahoma City,Thunder,OKC,0,0,,,,,,0,0,,,,,
220,0021400335,267,2,4,2,9:08 PM,2:05,,,MISS Roberson  Tip Shot,,,5.0,203460,Andre Roberson,1610612760.0,Oklahoma City,Thunder,OKC,0,0,,,,,,0,0,,,,,
221,0021400335,269,4,0,2,9:08 PM,2:04,,,Thunder Rebound,,,3.0,1610612760,,,,,,0,0,,,,,,0,0,,,,,
222,0021400335,270,2,1,2,9:08 PM,2:01,,,MISS Morrow 22' Jump Shot,,,5.0,201627,Anthony Morrow,1610612760.0,Oklahoma City,Thunder,OKC,0,0,,,,,,0,0,,,,,
223,0021400335,271,4,0,2,9:08 PM,2:00,Young REBOUND (Off:0 Def:1),,,,,4.0,201152,Thaddeus Young,1610612750.0,Minnesota,Timberwolves,MIN,0,0,,,,,,0,0,,,,,
224,0021400335,272,5,1,2,9:08 PM,1:56,LaVine Bad Pass Turnover (P1.T7),,Roberson STEAL (3 STL),,,4.0,203897,Zach LaVine,1610612750.0,Minnesota,Timberwolves,MIN,5,203460,Andre Roberson,1610612760.0,Oklahoma City,Thunder,OKC,0,0,,,,,
225,0021400335,273,1,66,2,9:08 PM,1:50,,,Morrow 14' Jump Bank Shot (14 PTS) (Westbrook 4 AST),65 - 45,-20,5.0,201627,Anthony Morrow,1610612760.0,Oklahoma City,Thunder,OKC,5,201566,Russell Westbrook,1610612760.0,Oklahoma City,Thunder,OKC,0,0,,,,,
226,0021400335,274,2,1,2,9:09 PM,1:33,MISS Wiggins 18' Jump Shot,,,,,4.0,203952,Andrew Wiggins,1610612750.0,Minnesota,Timberwolves,MIN,0,0,,,,,,0,0,,,,,
227,0021400335,275,4,0,2,9:09 PM,1:32,Young REBOUND (Off:1 Def:1),,,,,4.0,201152,Thaddeus Young,1610612750.0,Minnesota,Timberwolves,MIN,0,0,,,,,,0,0,,,,,
228,0021400335,276,5,2,2,9:09 PM,1:30,Young Lost Ball Turnover (P3.T8),,Ibaka STEAL (1 STL),,,4.0,201152,Thaddeus Young,1610612750.0,Minnesota,Timberwolves,MIN,5,201586,Serge Ibaka,1610612760.0,Oklahoma City,Thunder,OKC,0,0,,,,,
229,0021400335,277,1,79,2,9:09 PM,1:25,,,Westbrook 24' 3PT Pullup Jump Shot (20 PTS) (Roberson 2 AST),68 - 45,-23,5.0,201566,Russell Westbrook,1610612760.0,Oklahoma City,Thunder,OKC,5,203460,Andre Roberson,1610612760.0,Oklahoma City,Thunder,OKC,0,0,,,,,
230,0021400335,278,2,42,2,9:09 PM,1:03,MISS Young 2' Driving Layup,,,,,4.0,201152,Thaddeus Young,1610612750.0,Minnesota,Timberwolves,MIN,0,0,,,,,,0,0,,,,,
231,0021400335,279,4,0,2,9:09 PM,1:02,,,Adams REBOUND (Off:2 Def:3),,,5.0,203500,Steven Adams,1610612760.0,Oklahoma City,Thunder,OKC,0,0,,,,,,0,0,,,,,
232,0021400335,280,2,1,2,9:09 PM,0:56,,,MISS Ibaka 26' 3PT Jump Shot,,,5.0,201586,Serge Ibaka,1610612760.0,Oklahoma City,Thunder,OKC,0,0,,,,,,0,0,,,,,
233,0021400335,281,4,0,2,9:09 PM,0:55,Dieng REBOUND (Off:3 Def:4),,,,,4.0,203476,Gorgui Dieng,1610612750.0,Minnesota,Timberwolves,MIN,0,0,,,,,,0,0,,,,,
234,0021400335,282,1,5,2,9:09 PM,0:51,Young 1' Layup (8 PTS) (Muhammad 2 AST),,,68 - 47,-21,4.0,201152,Thaddeus Young,1610612750.0,Minnesota,Timberwolves,MIN,4,203498,Shabazz Muhammad,1610612750.0,Minnesota,Timberwolves,MIN,0,0,,,,,
235,0021400335,283,9,2,2,9:09 PM,0:51,,,Thunder Timeout: Short (Reg.2 Short 1),,,3.0,1610612760,,,,,,0,0,,,,,,0,0,,,,,
236,0021400335,291,8,0,2,9:09 PM,0:51,SUB: Brewer FOR Muhammad,,,,,4.0,203498,Shabazz Muhammad,1610612750.0,Minnesota,Timberwolves,MIN,4,201147,Corey Brewer,1610612750.0,Minnesota,Timberwolves,MIN,0,0,,,,,
237,0021400335,285,1,88,2,9:11 PM,0:39,,,Roberson  Driving Slam Dunk (4 PTS),70 - 47,-23,5.0,203460,Andre Roberson,1610612760.0,Oklahoma City,Thunder,OKC,0,0,,,,,,0,0,,,,,
238,0021400335,286,1,5,2,9:11 PM,0:24,Young 2' Layup (10 PTS) (Dieng 3 AST),,,70 - 49,-21,4.0,201152,Thaddeus Young,1610612750.0,Minnesota,Timberwolves,MIN,4,203476,Gorgui Dieng,1610612750.0,Minnesota,Timberwolves,MIN,0,0,,,,,
239,0021400335,287,2,5,2,9:11 PM,0:01,LaVine BLOCK (1 BLK),,MISS Westbrook 2' Layup,,,5.0,201566,Russell Westbrook,1610612760.0,Oklahoma City,Thunder,OKC,0,0,,,,,,4,203897,Zach LaVine,1610612750.0,Minnesota,Timberwolves,MIN
240,0021400335,288,4,0,2,9:12 PM,0:00,Brewer REBOUND (Off:0 Def:3),,,,,4.0,201147,Corey Brewer,1610612750.0,Minnesota,Timberwolves,MIN,0,0,,,,,,0,0,,,,,
241,0021400335,289,13,0,2,9:14 PM,0:00,,,,70 - 49,-21,0.0,0,,,,,,0,0,,,,,,0,0,,,,,
242,0021400335,292,12,0,3,9:27 PM,12:00,,,,70 - 49,-21,0.0,0,,,,,,0,0,,,,,,0,0,,,,,
243,0021400335,293,6,11,3,9:27 PM,12:00,,,Westbrook T.FOUL (P1.T0),,,5.0,201566,Russell Westbrook,1610612760.0,Oklahoma City,Thunder,OKC,0,0,,,,,,1,0,,,,,
244,0021400335,294,3,16,3,9:27 PM,12:00,MISS LaVine Free Throw Technical,,,,,4.0,203897,Zach LaVine,1610612750.0,Minnesota,Timberwolves,MIN,0,0,,,,,,0,0,,,,,
245,0021400335,295,4,1,3,9:27 PM,12:00,TIMBERWOLVES Rebound,,,,,2.0,1610612750,,,,,,0,0,,,,,,0,0,,,,,
246,0021400335,296,2,1,3,9:28 PM,11:44,MISS Brewer 14' Jump Shot,,,,,4.0,201147,Corey Brewer,1610612750.0,Minnesota,Timberwolves,MIN,0,0,,,,,,0,0,,,,,
247,0021400335,297,4,0,3,9:28 PM,11:43,,,Westbrook REBOUND (Off:0 Def:2),,,5.0,201566,Russell Westbrook,1610612760.0,Oklahoma City,Thunder,OKC,0,0,,,,,,0,0,,,,,
248,0021400335,298,5,1,3,9:28 PM,11:32,Dieng STEAL (2 STL),,Durant Bad Pass Turnover (P3.T7),,,5.0,201142,Kevin Durant,1610612760.0,Oklahoma City,Thunder,OKC,4,203476,Gorgui Dieng,1610612750.0,Minnesota,Timberwolves,MIN,0,0,,,,,
249,0021400335,299,2,1,3,9:28 PM,11:19,MISS Wiggins 15' Jump Shot,,Durant BLOCK (2 BLK),,,4.0,203952,Andrew Wiggins,1610612750.0,Minnesota,Timberwolves,MIN,0,0,,,,,,5,201142,Kevin Durant,1610612760.0,Oklahoma City,Thunder,OKC
250,0021400335,300,4,0,3,9:28 PM,11:17,,,Westbrook REBOUND (Off:0 Def:3),,,5.0,201566,Russell Westbrook,1610612760.0,Oklahoma City,Thunder,OKC,0,0,,,,,,0,0,,,,,
251,0021400335,301,2,42,3,9:28 PM,11:13,,,MISS Westbrook 1' Driving Layup,,,5.0,201566,Russell Westbrook,1610612760.0,Oklahoma City,Thunder,OKC,0,0,,,,,,0,0,,,,,
252,0021400335,302,4,0,3,9:28 PM,11:12,Young REBOUND (Off:1 Def:2),,,,,4.0,201152,Thaddeus Young,1610612750.0,Minnesota,Timberwolves,MIN,0,0,,,,,,0,0,,,,,
253,0021400335,303,2,1,3,9:29 PM,11:07,MISS LaVine 26' 3PT Jump Shot,,,,,4.0,203897,Zach LaVine,1610612750.0,Minnesota,Timberwolves,MIN,0,0,,,,,,0,0,,,,,
254,0021400335,304,4,0,3,9:29 PM,11:06,,,Ibaka REBOUND (Off:1 Def:3),,,5.0,201586,Serge Ibaka,1610612760.0,Oklahoma City,Thunder,OKC,0,0,,,,,,0,0,,,,,
255,0021400335,305,5,1,3,9:29 PM,10:45,Brewer STEAL (2 STL),,Westbrook Bad Pass Turnover (P2.T8),,,5.0,201566,Russell Westbrook,1610612760.0,Oklahoma City,Thunder,OKC,4,201147,Corey Brewer,1610612750.0,Minnesota,Timberwolves,MIN,0,0,,,,,
256,0021400335,306,6,28,3,9:29 PM,10:43,,,Westbrook Personal Take Foul (P2.T1),,,5.0,201566,Russell Westbrook,1610612760.0,Oklahoma City,Thunder,OKC,4,201147,Corey Brewer,1610612750.0,Minnesota,Timberwolves,MIN,1,0,,,,,
257,0021400335,307,6,1,3,9:30 PM,10:25,,,Westbrook P.FOUL (P3.T2),,,5.0,201566,Russell Westbrook,1610612760.0,Oklahoma City,Thunder,OKC,4,201152,Thaddeus Young,1610612750.0,Minnesota,Timberwolves,MIN,1,0,,,,,
258,0021400335,308,1,42,3,9:30 PM,10:19,Wiggins 1' Driving Layup (8 PTS) (Dieng 4 AST),,,70 - 51,-19,4.0,203952,Andrew Wiggins,1610612750.0,Minnesota,Timberwolves,MIN,4,203476,Gorgui Dieng,1610612750.0,Minnesota,Timberwolves,MIN,0,0,,,,,
259,0021400335,309,1,8,3,9:30 PM,10:05,,,Adams  Slam Dunk (10 PTS) (Roberson 3 AST),72 - 51,-21,5.0,203500,Steven Adams,1610612760.0,Oklahoma City,Thunder,OKC,5,203460,Andre Roberson,1610612760.0,Oklahoma City,Thunder,OKC,0,0,,,,,
260,0021400335,310,5,11,3,9:31 PM,9:36,TIMBERWOLVES Turnover: Shot Clock (T#9),,,,,2.0,1610612750,,,,,,0,0,,,,,,1,0,,,,,
261,0021400335,311,2,5,3,9:31 PM,9:17,Brewer BLOCK (1 BLK),,MISS Ibaka 1' Layup,,,5.0,201586,Serge Ibaka,1610612760.0,Oklahoma City,Thunder,OKC,0,0,,,,,,4,201147,Corey Brewer,1610612750.0,Minnesota,Timberwolves,MIN
262,0021400335,312,4,0,3,9:31 PM,9:15,,,Adams REBOUND (Off:3 Def:3),,,5.0,203500,Steven Adams,1610612760.0,Oklahoma City,Thunder,OKC,0,0,,,,,,0,0,,,,,
263,0021400335,313,1,65,3,9:31 PM,9:13,,,Adams 5' Jump Hook Shot (12 PTS),74 - 51,-23,5.0,203500,Steven Adams,1610612760.0,Oklahoma City,Thunder,OKC,0,0,,,,,,0,0,,,,,
264,0021400335,314,1,1,3,9:32 PM,8:46,Young 16' Jump Shot (12 PTS) (Brewer 4 AST),,,74 - 53,-21,4.0,201152,Thaddeus Young,1610612750.0,Minnesota,Timberwolves,MIN,4,201147,Corey Brewer,1610612750.0,Minnesota,Timberwolves,MIN,0,0,,,,,
265,0021400335,315,1,86,3,9:32 PM,8:24,,,Durant 18' Turnaround Fadeaway (11 PTS) (Westbrook 5 AST),76 - 53,-23,5.0,201142,Kevin Durant,1610612760.0,Oklahoma City,Thunder,OKC,5,201566,Russell Westbrook,1610612760.0,Oklahoma City,Thunder,OKC,0,0,,,,,
266,0021400335,316,6,2,3,9:32 PM,8:07,,,Durant S.FOUL (P2.T3),,,5.0,201142,Kevin Durant,1610612760.0,Oklahoma City,Thunder,OKC,4,203952,Andrew Wiggins,1610612750.0,Minnesota,Timberwolves,MIN,1,0,,,,,
267,0021400335,317,3,11,3,9:33 PM,8:07,Wiggins Free Throw 1 of 2 (9 PTS),,,76 - 54,-22,4.0,203952,Andrew Wiggins,1610612750.0,Minnesota,Timberwolves,MIN,0,0,,,,,,0,0,,,,,
268,0021400335,319,3,12,3,9:33 PM,8:07,Wiggins Free Throw 2 of 2 (10 PTS),,,76 - 55,-21,4.0,203952,Andrew Wiggins,1610612750.0,Minnesota,Timberwolves,MIN,0,0,,,,,,0,0,,,,,
269,0021400335,322,6,2,3,9:34 PM,7:48,Dieng S.FOUL (P1.T1),,,,,4.0,203476,Gorgui Dieng,1610612750.0,Minnesota,Timberwolves,MIN,5,203460,Andre Roberson,1610612760.0,Oklahoma City,Thunder,OKC,1,0,,,,,
270,0021400335,323,3,11,3,9:34 PM,7:48,,,MISS Roberson Free Throw 1 of 2,,,5.0,203460,Andre Roberson,1610612760.0,Oklahoma City,Thunder,OKC,0,0,,,,,,0,0,,,,,
271,0021400335,324,4,1,3,9:34 PM,7:48,,,Thunder Rebound,,,3.0,1610612760,,,,,,0,0,,,,,,0,0,,,,,
272,0021400335,325,3,12,3,9:34 PM,7:48,,,MISS Roberson Free Throw 2 of 2,,,5.0,203460,Andre Roberson,1610612760.0,Oklahoma City,Thunder,OKC,0,0,,,,,,0,0,,,,,
273,0021400335,327,4,0,3,9:34 PM,7:47,,,Adams REBOUND (Off:4 Def:3),,,5.0,203500,Steven Adams,1610612760.0,Oklahoma City,Thunder,OKC,0,0,,,,,,0,0,,,,,
274,0021400335,328,5,2,3,9:34 PM,7:45,Brewer STEAL (3 STL),,Adams Lost Ball Turnover (P1.T9),,,5.0,203500,Steven Adams,1610612760.0,Oklahoma City,Thunder,OKC,4,201147,Corey Brewer,1610612750.0,Minnesota,Timberwolves,MIN,0,0,,,,,
275,0021400335,329,1,5,3,9:35 PM,7:22,Wiggins  Layup (12 PTS),,,76 - 57,-19,4.0,203952,Andrew Wiggins,1610612750.0,Minnesota,Timberwolves,MIN,0,0,,,,,,0,0,,,,,
276,0021400335,331,1,42,3,9:35 PM,6:56,,,Westbrook 2' Driving Layup (22 PTS),78 - 57,-21,5.0,201566,Russell Westbrook,1610612760.0,Oklahoma City,Thunder,OKC,0,0,,,,,,0,0,,,,,
277,0021400335,332,2,75,3,9:36 PM,6:36,MISS Brewer 1' Driving Finger Roll Layup,,,,,4.0,201147,Corey Brewer,1610612750.0,Minnesota,Timberwolves,MIN,0,0,,,,,,0,0,,,,,
278,0021400335,333,4,0,3,9:36 PM,6:35,,,Roberson REBOUND (Off:3 Def:4),,,5.0,203460,Andre Roberson,1610612760.0,Oklahoma City,Thunder,OKC,0,0,,,,,,0,0,,,,,
279,0021400335,334,5,2,3,9:36 PM,6:32,Wiggins STEAL (1 STL),,Durant Lost Ball Turnover (P4.T10),,,5.0,201142,Kevin Durant,1610612760.0,Oklahoma City,Thunder,OKC,4,203952,Andrew Wiggins,1610612750.0,Minnesota,Timberwolves,MIN,0,0,,,,,
280,0021400335,335,2,1,3,9:36 PM,6:25,MISS Wiggins 19' Jump Shot,,,,,4.0,203952,Andrew Wiggins,1610612750.0,Minnesota,Timberwolves,MIN,0,0,,,,,,0,0,,,,,
281,0021400335,336,4,0,3,9:36 PM,6:24,,,Westbrook REBOUND (Off:0 Def:4),,,5.0,201566,Russell Westbrook,1610612760.0,Oklahoma City,Thunder,OKC,0,0,,,,,,0,0,,,,,
282,0021400335,337,1,1,3,9:36 PM,6:08,,,Ibaka 3' Jump Shot (11 PTS),80 - 57,-23,5.0,201586,Serge Ibaka,1610612760.0,Oklahoma City,Thunder,OKC,0,0,,,,,,0,0,,,,,
283,0021400335,338,9,1,3,9:36 PM,6:07,TIMBERWOLVES Timeout: Regular (Full 4 Short 1),,,,,2.0,1610612750,,,,,,0,0,,,,,,0,0,,,,,
284,0021400335,340,8,0,3,9:38 PM,6:07,SUB: Bennett FOR Young,,,,,4.0,201152,Thaddeus Young,1610612750.0,Minnesota,Timberwolves,MIN,4,203461,Anthony Bennett,1610612750.0,Minnesota,Timberwolves,MIN,0,0,,,,,
285,0021400335,341,8,0,3,9:38 PM,6:07,SUB: Muhammad FOR LaVine,,,,,4.0,203897,Zach LaVine,1610612750.0,Minnesota,Timberwolves,MIN,4,203498,Shabazz Muhammad,1610612750.0,Minnesota,Timberwolves,MIN,0,0,,,,,
286,0021400335,342,2,47,3,9:39 PM,5:58,MISS Wiggins 12' Turnaround Jump Shot,,,,,4.0,203952,Andrew Wiggins,1610612750.0,Minnesota,Timberwolves,MIN,0,0,,,,,,0,0,,,,,
287,0021400335,344,4,0,3,9:39 PM,5:57,Dieng REBOUND (Off:4 Def:4),,,,,4.0,203476,Gorgui Dieng,1610612750.0,Minnesota,Timberwolves,MIN,0,0,,,,,,0,0,,,,,
288,0021400335,343,1,87,3,9:39 PM,5:57,Dieng  Putback Dunk (9 PTS),,,80 - 59,-21,4.0,203476,Gorgui Dieng,1610612750.0,Minnesota,Timberwolves,MIN,0,0,,,,,,0,0,,,,,
289,0021400335,345,1,46,3,9:39 PM,5:40,,,Durant 9' Running Jump Shot (13 PTS),82 - 59,-23,5.0,201142,Kevin Durant,1610612760.0,Oklahoma City,Thunder,OKC,0,0,,,,,,0,0,,,,,
290,0021400335,346,1,66,3,9:40 PM,5:17,Dieng 16' Jump Bank Shot (11 PTS),,,82 - 61,-21,4.0,203476,Gorgui Dieng,1610612750.0,Minnesota,Timberwolves,MIN,0,0,,,,,,0,0,,,,,
291,0021400335,347,6,2,3,9:40 PM,4:58,Dieng S.FOUL (P2.T2),,,,,4.0,203476,Gorgui Dieng,1610612750.0,Minnesota,Timberwolves,MIN,5,203460,Andre Roberson,1610612760.0,Oklahoma City,Thunder,OKC,1,0,,,,,
292,0021400335,348,3,11,3,9:40 PM,4:58,,,MISS Roberson Free Throw 1 of 2,,,5.0,203460,Andre Roberson,1610612760.0,Oklahoma City,Thunder,OKC,0,0,,,,,,0,0,,,,,
293,0021400335,349,4,1,3,9:40 PM,4:58,,,Thunder Rebound,,,3.0,1610612760,,,,,,0,0,,,,,,0,0,,,,,
294,0021400335,350,3,12,3,9:41 PM,4:58,,,Roberson Free Throw 2 of 2 (5 PTS),83 - 61,-22,5.0,203460,Andre Roberson,1610612760.0,Oklahoma City,Thunder,OKC,0,0,,,,,,0,0,,,,,
295,0021400335,351,1,1,3,9:41 PM,4:46,Wiggins 19' Jump Shot (14 PTS) (Bennett 1 AST),,,83 - 63,-20,4.0,203952,Andrew Wiggins,1610612750.0,Minnesota,Timberwolves,MIN,4,203461,Anthony Bennett,1610612750.0,Minnesota,Timberwolves,MIN,0,0,,,,,
296,0021400335,352,6,1,3,9:41 PM,4:30,Wiggins P.FOUL (P3.T3),,,,,4.0,203952,Andrew Wiggins,1610612750.0,Minnesota,Timberwolves,MIN,5,201142,Kevin Durant,1610612760.0,Oklahoma City,Thunder,OKC,1,0,,,,,
297,0021400335,353,8,0,3,9:42 PM,4:30,,,SUB: Lamb FOR Roberson,,,5.0,203460,Andre Roberson,1610612760.0,Oklahoma City,Thunder,OKC,5,203087,Jeremy Lamb,1610612760.0,Oklahoma City,Thunder,OKC,0,0,,,,,
298,0021400335,354,2,1,3,9:42 PM,4:23,Dieng BLOCK (4 BLK),,MISS Adams 4' Jump Shot,,,5.0,203500,Steven Adams,1610612760.0,Oklahoma City,Thunder,OKC,0,0,,,,,,4,203476,Gorgui Dieng,1610612750.0,Minnesota,Timberwolves,MIN
299,0021400335,355,4,0,3,9:42 PM,4:22,,,Adams REBOUND (Off:5 Def:3),,,5.0,203500,Steven Adams,1610612760.0,Oklahoma City,Thunder,OKC,0,0,,,,,,0,0,,,,,
300,0021400335,356,2,1,3,9:42 PM,4:19,,,MISS Ibaka  3PT Jump Shot,,,5.0,201586,Serge Ibaka,1610612760.0,Oklahoma City,Thunder,OKC,0,0,,,,,,0,0,,,,,
301,0021400335,357,4,0,3,9:42 PM,4:18,,,Adams REBOUND (Off:6 Def:3),,,5.0,203500,Steven Adams,1610612760.0,Oklahoma City,Thunder,OKC,0,0,,,,,,0,0,,,,,
302,0021400335,358,1,5,3,9:42 PM,4:16,,,Adams 1' Layup (14 PTS),85 - 63,-22,5.0,203500,Steven Adams,1610612760.0,Oklahoma City,Thunder,OKC,0,0,,,,,,0,0,,,,,
303,0021400335,359,2,1,3,9:42 PM,4:02,MISS Wiggins 6' Jump Shot,,,,,4.0,203952,Andrew Wiggins,1610612750.0,Minnesota,Timberwolves,MIN,0,0,,,,,,0,0,,,,,
304,0021400335,360,4,0,3,9:42 PM,4:01,,,Durant REBOUND (Off:0 Def:3),,,5.0,201142,Kevin Durant,1610612760.0,Oklahoma City,Thunder,OKC,0,0,,,,,,0,0,,,,,
305,0021400335,361,1,44,3,9:42 PM,3:54,,,Westbrook 1' Reverse Layup (24 PTS) (Durant 5 AST),87 - 63,-24,5.0,201566,Russell Westbrook,1610612760.0,Oklahoma City,Thunder,OKC,5,201142,Kevin Durant,1610612760.0,Oklahoma City,Thunder,OKC,0,0,,,,,
306,0021400335,362,1,1,3,9:43 PM,3:29,Bennett 19' Jump Shot (4 PTS) (Muhammad 3 AST),,,87 - 65,-22,4.0,203461,Anthony Bennett,1610612750.0,Minnesota,Timberwolves,MIN,4,203498,Shabazz Muhammad,1610612750.0,Minnesota,Timberwolves,MIN,0,0,,,,,
307,0021400335,363,2,46,3,9:43 PM,3:13,Wiggins BLOCK (1 BLK),,MISS Durant 6' Running Jump Shot,,,5.0,201142,Kevin Durant,1610612760.0,Oklahoma City,Thunder,OKC,0,0,,,,,,4,203952,Andrew Wiggins,1610612750.0,Minnesota,Timberwolves,MIN
308,0021400335,364,4,0,3,9:43 PM,3:13,,,Thunder Rebound,,,3.0,1610612760,,,,,,0,0,,,,,,0,0,,,,,
309,0021400335,365,6,4,3,9:45 PM,3:11,,,Adams OFF.Foul (P3),,,5.0,203500,Steven Adams,1610612760.0,Oklahoma City,Thunder,OKC,4,203461,Anthony Bennett,1610612750.0,Minnesota,Timberwolves,MIN,1,0,,,,,
310,0021400335,366,5,5,3,9:45 PM,3:11,,,Adams Foul Turnover (P2.T11),,,5.0,203500,Steven Adams,1610612760.0,Oklahoma City,Thunder,OKC,0,0,,,,,,1,0,,,,,
311,0021400335,375,18,0,3,9:45 PM,3:11,,,,,,,365,Derrick McKey,,,,,0,0,,,,,,1,0,,,,,
312,0021400335,370,8,0,3,9:45 PM,3:11,,,SUB: Jackson FOR Durant,,,5.0,201142,Kevin Durant,1610612760.0,Oklahoma City,Thunder,OKC,5,202704,Reggie Jackson,1610612760.0,Oklahoma City,Thunder,OKC,0,0,,,,,
313,0021400335,367,1,1,3,9:45 PM,3:00,Wiggins 21' Jump Shot (16 PTS) (Brewer 5 AST),,,87 - 67,-20,4.0,203952,Andrew Wiggins,1610612750.0,Minnesota,Timberwolves,MIN,4,201147,Corey Brewer,1610612750.0,Minnesota,Timberwolves,MIN,0,0,,,,,
314,0021400335,368,9,1,3,9:45 PM,2:58,,,Thunder Timeout: Regular (Reg.3 Short 1),,,3.0,1610612760,,,,,,0,0,,,,,,0,0,,,,,
315,0021400335,371,2,1,3,9:48 PM,2:47,,,MISS Jackson 19' Jump Shot,,,5.0,202704,Reggie Jackson,1610612760.0,Oklahoma City,Thunder,OKC,0,0,,,,,,0,0,,,,,
316,0021400335,372,4,0,3,9:48 PM,2:46,Brewer REBOUND (Off:0 Def:4),,,,,4.0,201147,Corey Brewer,1610612750.0,Minnesota,Timberwolves,MIN,0,0,,,,,,0,0,,,,,
317,0021400335,373,5,13,3,9:48 PM,2:40,Dieng Backcourt Turnover (P1.T10),,,,,4.0,203476,Gorgui Dieng,1610612750.0,Minnesota,Timberwolves,MIN,0,0,,,,,,1,0,,,,,
318,0021400335,374,1,1,3,9:48 PM,2:32,,,Westbrook 19' Jump Shot (26 PTS),89 - 67,-22,5.0,201566,Russell Westbrook,1610612760.0,Oklahoma City,Thunder,OKC,0,0,,,,,,0,0,,,,,
319,0021400335,376,1,3,3,9:49 PM,2:12,Bennett 3' Hook Shot (6 PTS) (Wiggins 2 AST),,,89 - 69,-20,4.0,203461,Anthony Bennett,1610612750.0,Minnesota,Timberwolves,MIN,4,203952,Andrew Wiggins,1610612750.0,Minnesota,Timberwolves,MIN,0,0,,,,,
320,0021400335,377,1,79,3,9:49 PM,1:55,,,Westbrook 10' Pullup Jump Shot (28 PTS),91 - 69,-22,5.0,201566,Russell Westbrook,1610612760.0,Oklahoma City,Thunder,OKC,0,0,,,,,,0,0,,,,,
321,0021400335,378,1,47,3,9:49 PM,1:39,Muhammad 10' Turnaround Jump Shot (10 PTS) (Brewer 6 AST),,,91 - 71,-20,4.0,203498,Shabazz Muhammad,1610612750.0,Minnesota,Timberwolves,MIN,4,201147,Corey Brewer,1610612750.0,Minnesota,Timberwolves,MIN,0,0,,,,,
322,0021400335,379,5,1,3,9:50 PM,1:24,Bennett STEAL (1 STL),,Westbrook Bad Pass Turnover (P3.T12),,,5.0,201566,Russell Westbrook,1610612760.0,Oklahoma City,Thunder,OKC,4,203461,Anthony Bennett,1610612750.0,Minnesota,Timberwolves,MIN,0,0,,,,,
323,0021400335,380,1,5,3,9:50 PM,1:18,Muhammad 2' Layup (12 PTS),,,91 - 73,-18,4.0,203498,Shabazz Muhammad,1610612750.0,Minnesota,Timberwolves,MIN,0,0,,,,,,0,0,,,,,
324,0021400335,381,6,2,3,9:50 PM,1:01,Dieng S.FOUL (P3.T4),,,,,4.0,203476,Gorgui Dieng,1610612750.0,Minnesota,Timberwolves,MIN,5,201566,Russell Westbrook,1610612760.0,Oklahoma City,Thunder,OKC,1,0,,,,,
325,0021400335,382,3,11,3,9:50 PM,1:01,,,Westbrook Free Throw 1 of 2 (29 PTS),92 - 73,-19,5.0,201566,Russell Westbrook,1610612760.0,Oklahoma City,Thunder,OKC,0,0,,,,,,0,0,,,,,
326,0021400335,384,8,0,3,9:50 PM,1:01,,,SUB: Perkins FOR Adams,,,5.0,203500,Steven Adams,1610612760.0,Oklahoma City,Thunder,OKC,5,2570,Kendrick Perkins,1610612760.0,Oklahoma City,Thunder,OKC,0,0,,,,,
327,0021400335,385,3,12,3,9:51 PM,1:01,,,Westbrook Free Throw 2 of 2 (30 PTS),93 - 73,-20,5.0,201566,Russell Westbrook,1610612760.0,Oklahoma City,Thunder,OKC,0,0,,,,,,0,0,,,,,
328,0021400335,387,1,5,3,9:51 PM,0:55,Muhammad 1' Layup (14 PTS) (Brewer 7 AST),,,93 - 75,-18,4.0,203498,Shabazz Muhammad,1610612750.0,Minnesota,Timberwolves,MIN,4,201147,Corey Brewer,1610612750.0,Minnesota,Timberwolves,MIN,0,0,,,,,
329,0021400335,388,2,1,3,9:51 PM,0:42,,,MISS Jackson  3PT Jump Shot,,,5.0,202704,Reggie Jackson,1610612760.0,Oklahoma City,Thunder,OKC,0,0,,,,,,0,0,,,,,
330,0021400335,389,4,0,3,9:51 PM,0:42,Dieng REBOUND (Off:4 Def:5),,,,,4.0,203476,Gorgui Dieng,1610612750.0,Minnesota,Timberwolves,MIN,0,0,,,,,,0,0,,,,,
331,0021400335,390,2,80,3,9:51 PM,0:31,MISS Wiggins 20' Step Back Jump Shot,,,,,4.0,203952,Andrew Wiggins,1610612750.0,Minnesota,Timberwolves,MIN,0,0,,,,,,0,0,,,,,
332,0021400335,391,4,0,3,9:52 PM,0:30,Bennett REBOUND (Off:1 Def:1),,,,,4.0,203461,Anthony Bennett,1610612750.0,Minnesota,Timberwolves,MIN,0,0,,,,,,0,0,,,,,
333,0021400335,392,1,5,3,9:52 PM,0:29,Bennett 1' Layup (8 PTS),,,93 - 77,-16,4.0,203461,Anthony Bennett,1610612750.0,Minnesota,Timberwolves,MIN,0,0,,,,,,0,0,,,,,
334,0021400335,393,6,4,3,9:52 PM,0:10,,,Perkins OFF.Foul (P4),,,5.0,2570,Kendrick Perkins,1610612760.0,Oklahoma City,Thunder,OKC,4,203476,Gorgui Dieng,1610612750.0,Minnesota,Timberwolves,MIN,1,0,,,,,
335,0021400335,394,5,5,3,9:52 PM,0:10,,,Perkins Foul Turnover (P2.T13),,,5.0,2570,Kendrick Perkins,1610612760.0,Oklahoma City,Thunder,OKC,0,0,,,,,,1,0,,,,,
336,0021400335,395,8,0,3,9:52 PM,0:10,SUB: LaVine FOR Dieng,,,,,4.0,203476,Gorgui Dieng,1610612750.0,Minnesota,Timberwolves,MIN,4,203897,Zach LaVine,1610612750.0,Minnesota,Timberwolves,MIN,0,0,,,,,
337,0021400335,396,2,5,3,9:52 PM,0:03,MISS LaVine 3' Layup,,Ibaka BLOCK (2 BLK),,,4.0,203897,Zach LaVine,1610612750.0,Minnesota,Timberwolves,MIN,0,0,,,,,,5,201586,Serge Ibaka,1610612760.0,Oklahoma City,Thunder,OKC
338,0021400335,397,4,0,3,9:53 PM,0:01,,,Westbrook REBOUND (Off:0 Def:5),,,5.0,201566,Russell Westbrook,1610612760.0,Oklahoma City,Thunder,OKC,0,0,,,,,,0,0,,,,,
339,0021400335,398,13,0,3,9:53 PM,0:00,,,,93 - 77,-16,0.0,0,,,,,,0,0,,,,,,0,0,,,,,
340,0021400335,400,12,0,4,9:55 PM,12:00,,,,93 - 77,-16,0.0,0,,,,,,0,0,,,,,,0,0,,,,,
341,0021400335,401,2,7,4,9:56 PM,11:49,Young BLOCK (1 BLK),,MISS Perkins  Dunk,,,5.0,2570,Kendrick Perkins,1610612760.0,Oklahoma City,Thunder,OKC,0,0,,,,,,4,201152,Thaddeus Young,1610612750.0,Minnesota,Timberwolves,MIN
342,0021400335,402,4,0,4,9:56 PM,11:48,,,Durant REBOUND (Off:1 Def:3),,,5.0,201142,Kevin Durant,1610612760.0,Oklahoma City,Thunder,OKC,0,0,,,,,,0,0,,,,,
343,0021400335,403,2,1,4,9:56 PM,11:45,,,MISS Morrow 27' 3PT Jump Shot,,,5.0,201627,Anthony Morrow,1610612760.0,Oklahoma City,Thunder,OKC,0,0,,,,,,0,0,,,,,
344,0021400335,404,4,0,4,9:56 PM,11:42,Young REBOUND (Off:1 Def:3),,,,,4.0,201152,Thaddeus Young,1610612750.0,Minnesota,Timberwolves,MIN,0,0,,,,,,0,0,,,,,
345,0021400335,405,2,1,4,9:56 PM,11:28,MISS Muhammad 5' Jump Shot,,,,,4.0,203498,Shabazz Muhammad,1610612750.0,Minnesota,Timberwolves,MIN,0,0,,,,,,0,0,,,,,
346,0021400335,406,4,0,4,9:56 PM,11:27,,,Perkins REBOUND (Off:1 Def:4),,,5.0,2570,Kendrick Perkins,1610612760.0,Oklahoma City,Thunder,OKC,0,0,,,,,,0,0,,,,,
347,0021400335,407,5,2,4,9:56 PM,11:23,Muhammad STEAL (1 STL),,Durant Lost Ball Turnover (P5.T14),,,5.0,201142,Kevin Durant,1610612760.0,Oklahoma City,Thunder,OKC,4,203498,Shabazz Muhammad,1610612750.0,Minnesota,Timberwolves,MIN,0,0,,,,,
348,0021400335,408,1,8,4,9:56 PM,11:07,Muhammad  Slam Dunk (16 PTS) (Bennett 2 AST),,,93 - 79,-14,4.0,203498,Shabazz Muhammad,1610612750.0,Minnesota,Timberwolves,MIN,4,203461,Anthony Bennett,1610612750.0,Minnesota,Timberwolves,MIN,0,0,,,,,
349,0021400335,409,2,1,4,9:57 PM,10:45,,,MISS Lamb  3PT Jump Shot,,,5.0,203087,Jeremy Lamb,1610612760.0,Oklahoma City,Thunder,OKC,0,0,,,,,,0,0,,,,,
350,0021400335,410,4,0,4,9:57 PM,10:44,Wiggins REBOUND (Off:2 Def:3),,,,,4.0,203952,Andrew Wiggins,1610612750.0,Minnesota,Timberwolves,MIN,0,0,,,,,,0,0,,,,,
351,0021400335,411,2,1,4,9:57 PM,10:29,MISS Bennett 16' Jump Shot,,,,,4.0,203461,Anthony Bennett,1610612750.0,Minnesota,Timberwolves,MIN,0,0,,,,,,0,0,,,,,
352,0021400335,412,4,0,4,9:57 PM,10:28,,,Lamb REBOUND (Off:0 Def:1),,,5.0,203087,Jeremy Lamb,1610612760.0,Oklahoma City,Thunder,OKC,0,0,,,,,,0,0,,,,,
353,0021400335,413,2,1,4,9:57 PM,10:20,,,MISS Durant 26' 3PT Jump Shot,,,5.0,201142,Kevin Durant,1610612760.0,Oklahoma City,Thunder,OKC,0,0,,,,,,0,0,,,,,
354,0021400335,414,4,0,4,9:57 PM,10:18,,,Jackson REBOUND (Off:1 Def:0),,,5.0,202704,Reggie Jackson,1610612760.0,Oklahoma City,Thunder,OKC,0,0,,,,,,0,0,,,,,
355,0021400335,415,2,1,4,9:57 PM,10:10,,,MISS Morrow 25' 3PT Jump Shot,,,5.0,201627,Anthony Morrow,1610612760.0,Oklahoma City,Thunder,OKC,0,0,,,,,,0,0,,,,,
356,0021400335,416,4,0,4,9:57 PM,10:09,LaVine REBOUND (Off:0 Def:1),,,,,4.0,203897,Zach LaVine,1610612750.0,Minnesota,Timberwolves,MIN,0,0,,,,,,0,0,,,,,
357,0021400335,417,2,77,4,9:57 PM,9:54,MISS Muhammad 3' Driving Jump Shot,,,,,4.0,203498,Shabazz Muhammad,1610612750.0,Minnesota,Timberwolves,MIN,0,0,,,,,,0,0,,,,,
358,0021400335,418,4,0,4,9:57 PM,9:53,,,Lamb REBOUND (Off:0 Def:2),,,5.0,203087,Jeremy Lamb,1610612760.0,Oklahoma City,Thunder,OKC,0,0,,,,,,0,0,,,,,
359,0021400335,419,1,5,4,9:58 PM,9:46,,,Jackson 2' Layup (6 PTS) (Lamb 2 AST),95 - 79,-16,5.0,202704,Reggie Jackson,1610612760.0,Oklahoma City,Thunder,OKC,5,203087,Jeremy Lamb,1610612760.0,Oklahoma City,Thunder,OKC,0,0,,,,,
360,0021400335,420,1,1,4,9:58 PM,9:25,Wiggins 21' Jump Shot (18 PTS) (Bennett 3 AST),,,95 - 81,-14,4.0,203952,Andrew Wiggins,1610612750.0,Minnesota,Timberwolves,MIN,4,203461,Anthony Bennett,1610612750.0,Minnesota,Timberwolves,MIN,0,0,,,,,
361,0021400335,421,2,1,4,9:58 PM,9:00,,,MISS Lamb 26' 3PT Jump Shot,,,5.0,203087,Jeremy Lamb,1610612760.0,Oklahoma City,Thunder,OKC,0,0,,,,,,0,0,,,,,
362,0021400335,422,4,0,4,9:58 PM,8:58,TIMBERWOLVES Rebound,,,,,2.0,1610612750,,,,,,0,0,,,,,,0,0,,,,,
363,0021400335,423,9,1,4,9:58 PM,8:58,,,,,,1.0,0,,,,,,0,0,,,,,,0,0,,,,,
364,0021400335,424,8,0,4,10:00 PM,8:58,SUB: Brewer FOR Muhammad,,,,,4.0,203498,Shabazz Muhammad,1610612750.0,Minnesota,Timberwolves,MIN,4,201147,Corey Brewer,1610612750.0,Minnesota,Timberwolves,MIN,0,0,,,,,
365,0021400335,426,8,0,4,10:01 PM,8:58,,,SUB: Roberson FOR Lamb,,,5.0,203087,Jeremy Lamb,1610612760.0,Oklahoma City,Thunder,OKC,5,203460,Andre Roberson,1610612760.0,Oklahoma City,Thunder,OKC,0,0,,,,,
366,0021400335,427,2,1,4,10:01 PM,8:46,MISS Wiggins 11' Jump Shot,,,,,4.0,203952,Andrew Wiggins,1610612750.0,Minnesota,Timberwolves,MIN,0,0,,,,,,0,0,,,,,
367,0021400335,428,4,0,4,10:01 PM,8:45,Bennett REBOUND (Off:2 Def:1),,,,,4.0,203461,Anthony Bennett,1610612750.0,Minnesota,Timberwolves,MIN,0,0,,,,,,0,0,,,,,
368,0021400335,429,5,2,4,10:01 PM,8:43,Bennett Lost Ball Turnover (P1.T11),,Morrow STEAL (1 STL),,,4.0,203461,Anthony Bennett,1610612750.0,Minnesota,Timberwolves,MIN,5,201627,Anthony Morrow,1610612760.0,Oklahoma City,Thunder,OKC,0,0,,,,,
369,0021400335,430,6,1,4,10:01 PM,8:41,Brewer P.FOUL (P2.T1),,,,,4.0,201147,Corey Brewer,1610612750.0,Minnesota,Timberwolves,MIN,5,201142,Kevin Durant,1610612760.0,Oklahoma City,Thunder,OKC,1,0,,,,,
370,0021400335,431,5,1,4,10:02 PM,8:20,LaVine STEAL (1 STL),,Jackson Bad Pass Turnover (P1.T15),,,5.0,202704,Reggie Jackson,1610612760.0,Oklahoma City,Thunder,OKC,4,203897,Zach LaVine,1610612750.0,Minnesota,Timberwolves,MIN,0,0,,,,,
371,0021400335,432,6,2,4,10:02 PM,8:18,,,Jackson S.FOUL (P3.T1),,,5.0,202704,Reggie Jackson,1610612760.0,Oklahoma City,Thunder,OKC,4,203897,Zach LaVine,1610612750.0,Minnesota,Timberwolves,MIN,1,0,,,,,
372,0021400335,433,3,11,4,10:02 PM,8:18,LaVine Free Throw 1 of 2 (11 PTS),,,95 - 82,-13,4.0,203897,Zach LaVine,1610612750.0,Minnesota,Timberwolves,MIN,0,0,,,,,,0,0,,,,,
373,0021400335,435,8,0,4,10:02 PM,8:18,,,SUB: Westbrook FOR Jackson,,,5.0,202704,Reggie Jackson,1610612760.0,Oklahoma City,Thunder,OKC,5,201566,Russell Westbrook,1610612760.0,Oklahoma City,Thunder,OKC,0,0,,,,,
374,0021400335,436,3,12,4,10:02 PM,8:18,MISS LaVine Free Throw 2 of 2,,,,,4.0,203897,Zach LaVine,1610612750.0,Minnesota,Timberwolves,MIN,0,0,,,,,,0,0,,,,,
375,0021400335,438,4,0,4,10:03 PM,8:18,,,Roberson REBOUND (Off:3 Def:5),,,5.0,203460,Andre Roberson,1610612760.0,Oklahoma City,Thunder,OKC,0,0,,,,,,0,0,,,,,
376,0021400335,439,5,1,4,10:03 PM,8:07,Brewer STEAL (4 STL),,Roberson Bad Pass Turnover (P1.T16),,,5.0,203460,Andre Roberson,1610612760.0,Oklahoma City,Thunder,OKC,4,201147,Corey Brewer,1610612750.0,Minnesota,Timberwolves,MIN,0,0,,,,,
377,0021400335,440,1,42,4,10:03 PM,8:03,Brewer 1' Driving Layup (6 PTS),,,95 - 84,-11,4.0,201147,Corey Brewer,1610612750.0,Minnesota,Timberwolves,MIN,0,0,,,,,,0,0,,,,,
378,0021400335,441,9,1,4,10:03 PM,8:00,,,Thunder Timeout: Regular (Reg.4 Short 1),,,3.0,1610612760,,,,,,0,0,,,,,,0,0,,,,,
379,0021400335,443,1,1,4,10:05 PM,7:51,,,Durant 26' 3PT Jump Shot (16 PTS) (Westbrook 6 AST),98 - 84,-14,5.0,201142,Kevin Durant,1610612760.0,Oklahoma City,Thunder,OKC,5,201566,Russell Westbrook,1610612760.0,Oklahoma City,Thunder,OKC,0,0,,,,,
380,0021400335,444,5,1,4,10:06 PM,7:25,Brewer Bad Pass Turnover (P3.T12),,Morrow STEAL (2 STL),,,4.0,201147,Corey Brewer,1610612750.0,Minnesota,Timberwolves,MIN,5,201627,Anthony Morrow,1610612760.0,Oklahoma City,Thunder,OKC,0,0,,,,,
381,0021400335,445,7,5,4,10:06 PM,7:24,Young Violation:Kicked Ball,,,,,4.0,201152,Thaddeus Young,1610612750.0,Minnesota,Timberwolves,MIN,0,0,,,,,,1,0,,,,,
382,0021400335,446,5,1,4,10:06 PM,7:07,Young STEAL (1 STL),,Durant Bad Pass Turnover (P6.T17),,,5.0,201142,Kevin Durant,1610612760.0,Oklahoma City,Thunder,OKC,4,201152,Thaddeus Young,1610612750.0,Minnesota,Timberwolves,MIN,0,0,,,,,
383,0021400335,447,5,1,4,10:07 PM,6:59,LaVine Bad Pass Turnover (P2.T13),,Westbrook STEAL (2 STL),,,4.0,203897,Zach LaVine,1610612750.0,Minnesota,Timberwolves,MIN,5,201566,Russell Westbrook,1610612760.0,Oklahoma City,Thunder,OKC,0,0,,,,,
384,0021400335,448,2,1,4,10:07 PM,6:45,,,MISS Westbrook 18' Jump Shot,,,5.0,201566,Russell Westbrook,1610612760.0,Oklahoma City,Thunder,OKC,0,0,,,,,,0,0,,,,,
385,0021400335,449,4,0,4,10:07 PM,6:45,,,Thunder Rebound,,,3.0,1610612760,,,,,,0,0,,,,,,0,0,,,,,
386,0021400335,450,6,3,4,10:07 PM,6:45,Bennett L.B.FOUL (P2.T2),,,,,4.0,203461,Anthony Bennett,1610612750.0,Minnesota,Timberwolves,MIN,5,2570,Kendrick Perkins,1610612760.0,Oklahoma City,Thunder,OKC,1,0,,,,,
387,0021400335,451,2,1,4,10:08 PM,6:36,,,MISS Roberson 26' 3PT Jump Shot,,,5.0,203460,Andre Roberson,1610612760.0,Oklahoma City,Thunder,OKC,0,0,,,,,,0,0,,,,,
388,0021400335,452,4,0,4,10:08 PM,6:35,Brewer REBOUND (Off:0 Def:5),,,,,4.0,201147,Corey Brewer,1610612750.0,Minnesota,Timberwolves,MIN,0,0,,,,,,0,0,,,,,
389,0021400335,453,2,1,4,10:08 PM,6:24,MISS Wiggins 5' Jump Shot,,,,,4.0,203952,Andrew Wiggins,1610612750.0,Minnesota,Timberwolves,MIN,0,0,,,,,,0,0,,,,,
390,0021400335,454,4,0,4,10:08 PM,6:23,,,Perkins REBOUND (Off:1 Def:5),,,5.0,2570,Kendrick Perkins,1610612760.0,Oklahoma City,Thunder,OKC,0,0,,,,,,0,0,,,,,
391,0021400335,455,2,5,4,10:08 PM,6:18,LaVine BLOCK (2 BLK),,MISS Morrow 2' Layup,,,5.0,201627,Anthony Morrow,1610612760.0,Oklahoma City,Thunder,OKC,0,0,,,,,,4,203897,Zach LaVine,1610612750.0,Minnesota,Timberwolves,MIN
392,0021400335,456,4,0,4,10:08 PM,6:16,LaVine REBOUND (Off:0 Def:2),,,,,4.0,203897,Zach LaVine,1610612750.0,Minnesota,Timberwolves,MIN,0,0,,,,,,0,0,,,,,
393,0021400335,458,8,0,4,10:08 PM,6:12,SUB: Dieng FOR Bennett,,,,,4.0,203461,Anthony Bennett,1610612750.0,Minnesota,Timberwolves,MIN,4,203476,Gorgui Dieng,1610612750.0,Minnesota,Timberwolves,MIN,0,0,,,,,
394,0021400335,459,6,2,4,10:09 PM,6:08,,,Durant S.FOUL (P3.T2),,,5.0,201142,Kevin Durant,1610612760.0,Oklahoma City,Thunder,OKC,4,203476,Gorgui Dieng,1610612750.0,Minnesota,Timberwolves,MIN,1,0,,,,,
395,0021400335,460,3,11,4,10:09 PM,6:08,MISS Dieng Free Throw 1 of 2,,,,,4.0,203476,Gorgui Dieng,1610612750.0,Minnesota,Timberwolves,MIN,0,0,,,,,,0,0,,,,,
396,0021400335,461,4,1,4,10:09 PM,6:08,TIMBERWOLVES Rebound,,,,,2.0,1610612750,,,,,,0,0,,,,,,0,0,,,,,
397,0021400335,463,8,0,4,10:09 PM,6:08,,,SUB: Ibaka FOR Perkins,,,5.0,2570,Kendrick Perkins,1610612760.0,Oklahoma City,Thunder,OKC,5,201586,Serge Ibaka,1610612760.0,Oklahoma City,Thunder,OKC,0,0,,,,,
398,0021400335,464,3,12,4,10:09 PM,6:08,MISS Dieng Free Throw 2 of 2,,,,,4.0,203476,Gorgui Dieng,1610612750.0,Minnesota,Timberwolves,MIN,0,0,,,,,,0,0,,,,,
399,0021400335,466,4,0,4,10:10 PM,6:08,,,Morrow REBOUND (Off:0 Def:3),,,5.0,201627,Anthony Morrow,1610612760.0,Oklahoma City,Thunder,OKC,0,0,,,,,,0,0,,,,,
400,0021400335,467,2,1,4,10:10 PM,5:46,,,MISS Morrow  3PT Jump Shot,,,5.0,201627,Anthony Morrow,1610612760.0,Oklahoma City,Thunder,OKC,0,0,,,,,,0,0,,,,,
401,0021400335,468,4,0,4,10:10 PM,5:45,Young REBOUND (Off:1 Def:4),,,,,4.0,201152,Thaddeus Young,1610612750.0,Minnesota,Timberwolves,MIN,0,0,,,,,,0,0,,,,,
402,0021400335,469,2,1,4,10:10 PM,5:30,MISS LaVine 20' Jump Shot,,,,,4.0,203897,Zach LaVine,1610612750.0,Minnesota,Timberwolves,MIN,0,0,,,,,,0,0,,,,,
403,0021400335,470,4,0,4,10:10 PM,5:29,TIMBERWOLVES Rebound,,,,,2.0,1610612750,,,,,,0,0,,,,,,0,0,,,,,
404,0021400335,471,1,1,4,10:11 PM,5:24,Young 5' Jump Shot (14 PTS) (Brewer 8 AST),,,98 - 86,-12,4.0,201152,Thaddeus Young,1610612750.0,Minnesota,Timberwolves,MIN,4,201147,Corey Brewer,1610612750.0,Minnesota,Timberwolves,MIN,0,0,,,,,
405,0021400335,474,6,1,4,10:11 PM,5:09,LaVine P.FOUL (P3.T3),,,,,4.0,203897,Zach LaVine,1610612750.0,Minnesota,Timberwolves,MIN,5,201142,Kevin Durant,1610612760.0,Oklahoma City,Thunder,OKC,1,0,,,,,
406,0021400335,475,5,11,4,10:12 PM,4:54,,,Thunder Turnover: Shot Clock (T#18),,,3.0,1610612760,,,,,,0,0,,,,,,1,0,,,,,
407,0021400335,476,2,1,4,10:12 PM,4:38,MISS Brewer  3PT Jump Shot,,,,,4.0,201147,Corey Brewer,1610612750.0,Minnesota,Timberwolves,MIN,0,0,,,,,,0,0,,,,,
408,0021400335,477,4,0,4,10:12 PM,4:38,,,Thunder Rebound,,,3.0,1610612760,,,,,,0,0,,,,,,0,0,,,,,
409,0021400335,478,9,2,4,10:12 PM,4:38,,,Thunder Timeout: Short (Reg.4 Short 2),,,3.0,1610612760,,,,,,0,0,,,,,,0,0,,,,,
410,0021400335,479,8,0,4,10:13 PM,4:38,,,SUB: Jackson FOR Durant,,,5.0,201142,Kevin Durant,1610612760.0,Oklahoma City,Thunder,OKC,5,202704,Reggie Jackson,1610612760.0,Oklahoma City,Thunder,OKC,0,0,,,,,
411,0021400335,480,8,0,4,10:13 PM,4:38,,,SUB: Adams FOR Roberson,,,5.0,203460,Andre Roberson,1610612760.0,Oklahoma City,Thunder,OKC,5,203500,Steven Adams,1610612760.0,Oklahoma City,Thunder,OKC,0,0,,,,,
412,0021400335,481,1,42,4,10:13 PM,4:28,,,Westbrook  Driving Layup (32 PTS),100 - 86,-14,5.0,201566,Russell Westbrook,1610612760.0,Oklahoma City,Thunder,OKC,0,0,,,,,,0,0,,,,,
413,0021400335,482,2,1,4,10:14 PM,4:10,MISS Young 15' Jump Shot,,,,,4.0,201152,Thaddeus Young,1610612750.0,Minnesota,Timberwolves,MIN,0,0,,,,,,0,0,,,,,
414,0021400335,483,4,0,4,10:14 PM,4:10,,,Thunder Rebound,,,3.0,1610612760,,,,,,0,0,,,,,,0,0,,,,,
415,0021400335,484,6,3,4,10:14 PM,4:10,Dieng L.B.FOUL (P4.T4),,,,,4.0,203476,Gorgui Dieng,1610612750.0,Minnesota,Timberwolves,MIN,5,203500,Steven Adams,1610612760.0,Oklahoma City,Thunder,OKC,1,0,,,,,
416,0021400335,485,8,0,4,10:14 PM,4:10,SUB: Muhammad FOR Brewer,,,,,4.0,201147,Corey Brewer,1610612750.0,Minnesota,Timberwolves,MIN,4,203498,Shabazz Muhammad,1610612750.0,Minnesota,Timberwolves,MIN,0,0,,,,,
417,0021400335,486,1,1,4,10:14 PM,3:56,,,Ibaka 19' Jump Shot (13 PTS) (Morrow 2 AST),102 - 86,-16,5.0,201586,Serge Ibaka,1610612760.0,Oklahoma City,Thunder,OKC,5,201627,Anthony Morrow,1610612760.0,Oklahoma City,Thunder,OKC,0,0,,,,,
418,0021400335,487,9,1,4,10:14 PM,3:55,TIMBERWOLVES Timeout: Regular (Full 5 Short 1),,,,,2.0,1610612750,,,,,,0,0,,,,,,0,0,,,,,
419,0021400335,489,2,1,4,10:17 PM,3:33,MISS Young 25' 3PT Jump Shot,,,,,4.0,201152,Thaddeus Young,1610612750.0,Minnesota,Timberwolves,MIN,0,0,,,,,,0,0,,,,,
420,0021400335,490,4,0,4,10:17 PM,3:32,,,Thunder Rebound,,,3.0,1610612760,,,,,,0,0,,,,,,0,0,,,,,
421,0021400335,491,2,1,4,10:18 PM,3:19,,,MISS Morrow  3PT Jump Shot,,,5.0,201627,Anthony Morrow,1610612760.0,Oklahoma City,Thunder,OKC,0,0,,,,,,0,0,,,,,
422,0021400335,492,4,0,4,10:18 PM,3:18,,,Adams REBOUND (Off:7 Def:3),,,5.0,203500,Steven Adams,1610612760.0,Oklahoma City,Thunder,OKC,0,0,,,,,,0,0,,,,,
423,0021400335,493,2,65,4,10:18 PM,3:15,,,MISS Adams 5' Jump Hook Shot,,,5.0,203500,Steven Adams,1610612760.0,Oklahoma City,Thunder,OKC,0,0,,,,,,0,0,,,,,
424,0021400335,495,4,0,4,10:18 PM,3:14,,,Westbrook REBOUND (Off:1 Def:5),,,5.0,201566,Russell Westbrook,1610612760.0,Oklahoma City,Thunder,OKC,0,0,,,,,,0,0,,,,,
425,0021400335,494,1,4,4,10:18 PM,3:14,,,Westbrook 1' Tip Shot (34 PTS),104 - 86,-18,5.0,201566,Russell Westbrook,1610612760.0,Oklahoma City,Thunder,OKC,0,0,,,,,,0,0,,,,,
426,0021400335,496,6,2,4,10:18 PM,2:57,,,Ibaka S.FOUL (P1.T3),,,5.0,201586,Serge Ibaka,1610612760.0,Oklahoma City,Thunder,OKC,4,203498,Shabazz Muhammad,1610612750.0,Minnesota,Timberwolves,MIN,1,0,,,,,
427,0021400335,497,3,11,4,10:18 PM,2:57,Muhammad Free Throw 1 of 2 (17 PTS),,,104 - 87,-17,4.0,203498,Shabazz Muhammad,1610612750.0,Minnesota,Timberwolves,MIN,0,0,,,,,,0,0,,,,,
428,0021400335,499,8,0,4,10:18 PM,2:57,SUB: Brewer FOR LaVine,,,,,4.0,203897,Zach LaVine,1610612750.0,Minnesota,Timberwolves,MIN,4,201147,Corey Brewer,1610612750.0,Minnesota,Timberwolves,MIN,0,0,,,,,
429,0021400335,500,3,12,4,10:18 PM,2:57,Muhammad Free Throw 2 of 2 (18 PTS),,,104 - 88,-16,4.0,203498,Shabazz Muhammad,1610612750.0,Minnesota,Timberwolves,MIN,0,0,,,,,,0,0,,,,,
430,0021400335,502,5,39,4,10:19 PM,2:34,,,Westbrook Step Out of Bounds Turnover (P4.T19),,,5.0,201566,Russell Westbrook,1610612760.0,Oklahoma City,Thunder,OKC,0,0,,,,,,1,0,,,,,
431,0021400335,503,2,63,4,10:19 PM,2:25,MISS Muhammad 15' Fadeaway Jumper,,,,,4.0,203498,Shabazz Muhammad,1610612750.0,Minnesota,Timberwolves,MIN,0,0,,,,,,0,0,,,,,
432,0021400335,504,4,0,4,10:19 PM,2:24,,,Adams REBOUND (Off:7 Def:4),,,5.0,203500,Steven Adams,1610612760.0,Oklahoma City,Thunder,OKC,0,0,,,,,,0,0,,,,,
433,0021400335,505,1,8,4,10:20 PM,2:14,,,Adams  Slam Dunk (16 PTS) (Ibaka 1 AST),106 - 88,-18,5.0,203500,Steven Adams,1610612760.0,Oklahoma City,Thunder,OKC,5,201586,Serge Ibaka,1610612760.0,Oklahoma City,Thunder,OKC,0,0,,,,,
434,0021400335,506,9,1,4,10:20 PM,2:12,TIMBERWOLVES Timeout: Regular (Full 6 Short 1),,,,,2.0,1610612750,,,,,,0,0,,,,,,0,0,,,,,
435,0021400335,508,8,0,4,10:22 PM,2:12,,,SUB: Jones FOR Ibaka,,,5.0,201586,Serge Ibaka,1610612760.0,Oklahoma City,Thunder,OKC,5,203103,Perry Jones,1610612760.0,Oklahoma City,Thunder,OKC,0,0,,,,,
436,0021400335,509,8,0,4,10:22 PM,2:12,,,SUB: Smith FOR Adams,,,5.0,203500,Steven Adams,1610612760.0,Oklahoma City,Thunder,OKC,5,202397,Ish Smith,1610612760.0,Oklahoma City,Thunder,OKC,0,0,,,,,
437,0021400335,510,8,0,4,10:22 PM,2:12,,,SUB: Lamb FOR Westbrook,,,5.0,201566,Russell Westbrook,1610612760.0,Oklahoma City,Thunder,OKC,5,203087,Jeremy Lamb,1610612760.0,Oklahoma City,Thunder,OKC,0,0,,,,,
438,0021400335,511,8,0,4,10:22 PM,2:12,,,SUB: Collison FOR Morrow,,,5.0,201627,Anthony Morrow,1610612760.0,Oklahoma City,Thunder,OKC,5,2555,Nick Collison,1610612760.0,Oklahoma City,Thunder,OKC,0,0,,,,,
439,0021400335,512,1,94,4,10:22 PM,1:58,Young 6' Jump Bank Hook Shot (16 PTS),,,106 - 90,-16,4.0,201152,Thaddeus Young,1610612750.0,Minnesota,Timberwolves,MIN,0,0,,,,,,0,0,,,,,
440,0021400335,513,2,1,4,10:22 PM,1:41,,,MISS Lamb 24' 3PT Jump Shot,,,5.0,203087,Jeremy Lamb,1610612760.0,Oklahoma City,Thunder,OKC,0,0,,,,,,0,0,,,,,
441,0021400335,514,4,0,4,10:22 PM,1:38,TIMBERWOLVES Rebound,,,,,2.0,1610612750,,,,,,0,0,,,,,,0,0,,,,,
442,0021400335,515,8,0,4,10:22 PM,1:38,SUB: Hummel FOR Young,,,,,4.0,201152,Thaddeus Young,1610612750.0,Minnesota,Timberwolves,MIN,4,203133,Robbie Hummel,1610612750.0,Minnesota,Timberwolves,MIN,0,0,,,,,
443,0021400335,516,8,0,4,10:22 PM,1:38,SUB: Budinger FOR Muhammad,,,,,4.0,203498,Shabazz Muhammad,1610612750.0,Minnesota,Timberwolves,MIN,4,201978,Chase Budinger,1610612750.0,Minnesota,Timberwolves,MIN,0,0,,,,,
444,0021400335,517,8,0,4,10:23 PM,1:38,SUB: Adrien FOR Dieng,,,,,4.0,203476,Gorgui Dieng,1610612750.0,Minnesota,Timberwolves,MIN,4,202399,Jeff Adrien,1610612750.0,Minnesota,Timberwolves,MIN,0,0,,,,,
445,0021400335,518,8,0,4,10:23 PM,1:38,SUB: Robinson FOR Wiggins,,,,,4.0,203952,Andrew Wiggins,1610612750.0,Minnesota,Timberwolves,MIN,4,203922,Glenn Robinson,1610612750.0,Minnesota,Timberwolves,MIN,0,0,,,,,
446,0021400335,519,5,2,4,10:23 PM,1:20,Brewer Lost Ball Turnover (P4.T14),,Collison STEAL (1 STL),,,4.0,201147,Corey Brewer,1610612750.0,Minnesota,Timberwolves,MIN,5,2555,Nick Collison,1610612760.0,Oklahoma City,Thunder,OKC,0,0,,,,,
447,0021400335,520,1,42,4,10:23 PM,1:17,,,Smith 1' Driving Layup (2 PTS) (Collison 1 AST),108 - 90,-18,5.0,202397,Ish Smith,1610612760.0,Oklahoma City,Thunder,OKC,5,2555,Nick Collison,1610612760.0,Oklahoma City,Thunder,OKC,0,0,,,,,
448,0021400335,521,2,1,4,10:24 PM,0:57,MISS Budinger 21' Jump Shot,,,,,4.0,201978,Chase Budinger,1610612750.0,Minnesota,Timberwolves,MIN,0,0,,,,,,0,0,,,,,
449,0021400335,522,4,0,4,10:24 PM,0:57,,,Thunder Rebound,,,3.0,1610612760,,,,,,0,0,,,,,,0,0,,,,,
450,0021400335,523,6,3,4,10:24 PM,0:57,Adrien L.B.FOUL (P1.PN),,,,,4.0,202399,Jeff Adrien,1610612750.0,Minnesota,Timberwolves,MIN,5,2555,Nick Collison,1610612760.0,Oklahoma City,Thunder,OKC,1,0,,,,,
451,0021400335,524,3,11,4,10:24 PM,0:57,,,Collison Free Throw 1 of 2 (1 PTS),109 - 90,-19,5.0,2555,Nick Collison,1610612760.0,Oklahoma City,Thunder,OKC,0,0,,,,,,0,0,,,,,
452,0021400335,526,3,12,4,10:24 PM,0:57,,,MISS Collison Free Throw 2 of 2,,,5.0,2555,Nick Collison,1610612760.0,Oklahoma City,Thunder,OKC,0,0,,,,,,0,0,,,,,
453,0021400335,528,4,0,4,10:25 PM,0:57,Adrien REBOUND (Off:0 Def:1),,,,,4.0,202399,Jeff Adrien,1610612750.0,Minnesota,Timberwolves,MIN,0,0,,,,,,0,0,,,,,
454,0021400335,529,6,1,4,10:25 PM,0:46,,,Jackson P.FOUL (P4.T4),,,5.0,202704,Reggie Jackson,1610612760.0,Oklahoma City,Thunder,OKC,4,203922,Glenn Robinson,1610612750.0,Minnesota,Timberwolves,MIN,1,0,,,,,
455,0021400335,530,5,2,4,10:25 PM,0:43,Brewer Lost Ball Turnover (P5.T15),,Smith STEAL (1 STL),,,4.0,201147,Corey Brewer,1610612750.0,Minnesota,Timberwolves,MIN,5,202397,Ish Smith,1610612760.0,Oklahoma City,Thunder,OKC,0,0,,,,,
456,0021400335,531,1,42,4,10:25 PM,0:41,,,Smith 1' Driving Layup (4 PTS),111 - 90,-21,5.0,202397,Ish Smith,1610612760.0,Oklahoma City,Thunder,OKC,0,0,,,,,,0,0,,,,,
457,0021400335,532,6,1,4,10:25 PM,0:28,,,Smith P.FOUL (P1.PN),,,5.0,202397,Ish Smith,1610612760.0,Oklahoma City,Thunder,OKC,4,202399,Jeff Adrien,1610612750.0,Minnesota,Timberwolves,MIN,1,0,,,,,
458,0021400335,533,3,11,4,10:26 PM,0:28,Adrien Free Throw 1 of 2 (3 PTS),,,111 - 91,-20,4.0,202399,Jeff Adrien,1610612750.0,Minnesota,Timberwolves,MIN,0,0,,,,,,0,0,,,,,
459,0021400335,535,3,12,4,10:26 PM,0:28,Adrien Free Throw 2 of 2 (4 PTS),,,111 - 92,-19,4.0,202399,Jeff Adrien,1610612750.0,Minnesota,Timberwolves,MIN,0,0,,,,,,0,0,,,,,
460,0021400335,537,2,1,4,10:26 PM,0:12,,,MISS Jackson 25' 3PT Jump Shot,,,5.0,202704,Reggie Jackson,1610612760.0,Oklahoma City,Thunder,OKC,0,0,,,,,,0,0,,,,,
461,0021400335,538,4,0,4,10:26 PM,0:11,Adrien REBOUND (Off:0 Def:2),,,,,4.0,202399,Jeff Adrien,1610612750.0,Minnesota,Timberwolves,MIN,0,0,,,,,,0,0,,,,,
462,0021400335,539,5,1,4,10:27 PM,0:00,Brewer Bad Pass Turnover (P6.T16),,Collison STEAL (2 STL),,,4.0,201147,Corey Brewer,1610612750.0,Minnesota,Timberwolves,MIN,5,2555,Nick Collison,1610612760.0,Oklahoma City,Thunder,OKC,0,0,,,,,
463,0021400335,540,13,0,4,10:27 PM,0:00,,,,111 - 92,-19,0.0,0,,,,,,0,0,,,,,,0,0,,,,,
