,GAME_ID,EVENTNUM,EVENTMSGTYPE,EVENTMSGACTIONTYPE,PERIOD,WCTIMESTRING,PCTIMESTRING,HOMEDESCRIPTION,NEUTRALDESCRIPTION,VISITORDESCRIPTION,SCORE,SCOREMARGIN,PERSON1TYPE,PLAYER1_ID,PLAYER1_NAME,PLAYER1_TEAM_ID,PLAYER1_TEAM_CITY,PLAYER1_TEAM_NICKNAME,PLAYER1_TEAM_ABBREVIATION,PERSON2TYPE,PLAYER2_ID,PLAYER2_NAME,PLAYER2_TEAM_ID,PLAYER2_TEAM_CITY,PLAYER2_TEAM_NICKNAME,PLAYER2_TEAM_ABBREVIATION,PERSON3TYPE,PLAYER3_ID,PLAYER3_NAME,PLAYER3_TEAM_ID,PLAYER3_TEAM_CITY,PLAYER3_TEAM_NICKNAME,PLAYER3_TEAM_ABBREVIATION
0,0021500160,0,12,0,1,7:41 PM,12:00,,,,,,0.0,0,,,,,,0,0,,,,,,0,0,,,,,
1,0021500160,1,10,0,1,7:41 PM,12:00,Jump Ball Drummond vs. Mozgov: Tip to Jackson,,,,,4.0,203083,Andre Drummond,1610612765.0,Detroit,Pistons,DET,5,202389,Timofey Mozgov,1610612739.0,Cleveland,Cavaliers,CLE,4,202704,Reggie Jackson,1610612765.0,Detroit,Pistons,DET
2,0021500160,2,6,2,1,7:41 PM,11:45,,,Williams S.FOUL (P1.T1) (A.Smith),,,5.0,2590,Mo Williams,1610612739.0,Cleveland,Cavaliers,CLE,4,101141,Ersan Ilyasova,1610612765.0,Detroit,Pistons,DET,1,0,,,,,
3,0021500160,3,3,11,1,7:41 PM,11:45,Ilyasova Free Throw 1 of 2 (1 PTS),,,0 - 1,1,4.0,101141,Ersan Ilyasova,1610612765.0,Detroit,Pistons,DET,0,0,,,,,,0,0,,,,,
4,0021500160,5,3,12,1,7:41 PM,11:45,Ilyasova Free Throw 2 of 2 (2 PTS),,,0 - 2,2,4.0,101141,Ersan Ilyasova,1610612765.0,Detroit,Pistons,DET,0,0,,,,,,0,0,,,,,
5,0021500160,7,5,1,1,7:42 PM,11:31,Ilyasova STEAL (1 STL),,James Bad Pass Turnover (P1.T1),,,5.0,2544,LeBron James,1610612739.0,Cleveland,Cavaliers,CLE,4,101141,Ersan Ilyasova,1610612765.0,Detroit,Pistons,DET,0,0,,,,,
6,0021500160,8,1,52,1,7:42 PM,11:18,Drummond  Alley Oop Dunk (2 PTS) (Jackson 1 AST),,,0 - 4,4,4.0,203083,Andre Drummond,1610612765.0,Detroit,Pistons,DET,4,202704,Reggie Jackson,1610612765.0,Detroit,Pistons,DET,0,0,,,,,
7,0021500160,9,1,1,1,7:42 PM,11:08,,,Smith 5' Jump Shot (2 PTS) (Williams 1 AST),2 - 4,2,5.0,2747,J.R. Smith,1610612739.0,Cleveland,Cavaliers,CLE,5,2590,Mo Williams,1610612739.0,Cleveland,Cavaliers,CLE,0,0,,,,,
8,0021500160,10,5,1,1,7:42 PM,10:58,Jackson Bad Pass Turnover (P1.T1),,Smith STEAL (1 STL),,,4.0,202704,Reggie Jackson,1610612765.0,Detroit,Pistons,DET,5,2747,J.R. Smith,1610612739.0,Cleveland,Cavaliers,CLE,0,0,,,,,
9,0021500160,11,1,7,1,7:42 PM,10:52,,,Smith  Dunk (4 PTS),4 - 4,TIE,5.0,2747,J.R. Smith,1610612739.0,Cleveland,Cavaliers,CLE,0,0,,,,,,0,0,,,,,
10,0021500160,12,2,3,1,7:43 PM,10:25,MISS Drummond 6' Hook Shot,,,,,4.0,203083,Andre Drummond,1610612765.0,Detroit,Pistons,DET,0,0,,,,,,0,0,,,,,
11,0021500160,13,4,0,1,7:43 PM,10:24,,,James REBOUND (Off:0 Def:1),,,5.0,2544,LeBron James,1610612739.0,Cleveland,Cavaliers,CLE,0,0,,,,,,0,0,,,,,
12,0021500160,14,1,1,1,7:43 PM,10:15,,,Smith 25' 3PT Jump Shot (7 PTS) (Love 1 AST),7 - 4,-3,5.0,2747,J.R. Smith,1610612739.0,Cleveland,Cavaliers,CLE,5,201567,Kevin Love,1610612739.0,Cleveland,Cavaliers,CLE,0,0,,,,,
13,0021500160,15,1,78,1,7:43 PM,10:00,Jackson 7' Floating Jump Shot (2 PTS),,,7 - 6,-1,4.0,202704,Reggie Jackson,1610612765.0,Detroit,Pistons,DET,0,0,,,,,,0,0,,,,,
14,0021500160,16,2,1,1,7:44 PM,9:46,,,MISS Smith 26' 3PT Jump Shot,,,5.0,2747,J.R. Smith,1610612739.0,Cleveland,Cavaliers,CLE,0,0,,,,,,0,0,,,,,
15,0021500160,17,4,0,1,7:44 PM,9:45,Drummond REBOUND (Off:0 Def:1),,,,,4.0,203083,Andre Drummond,1610612765.0,Detroit,Pistons,DET,0,0,,,,,,0,0,,,,,
16,0021500160,18,2,1,1,7:44 PM,9:33,MISS Marc Morris 19' Jump Shot,,,,,4.0,202694,Marcus Morris,1610612765.0,Detroit,Pistons,DET,0,0,,,,,,0,0,,,,,
17,0021500160,19,4,0,1,7:44 PM,9:32,,,Williams REBOUND (Off:0 Def:1),,,5.0,2590,Mo Williams,1610612739.0,Cleveland,Cavaliers,CLE,0,0,,,,,,0,0,,,,,
18,0021500160,20,1,3,1,7:44 PM,9:17,,,Love 5' Hook Shot (2 PTS),9 - 6,-3,5.0,201567,Kevin Love,1610612739.0,Cleveland,Cavaliers,CLE,0,0,,,,,,0,0,,,,,
19,0021500160,21,1,102,1,7:44 PM,8:56,Jackson 9' Driving Floating Bank Jump Shot (4 PTS),,,9 - 8,-1,4.0,202704,Reggie Jackson,1610612765.0,Detroit,Pistons,DET,0,0,,,,,,0,0,,,,,
20,0021500160,22,5,40,1,7:45 PM,8:46,,,Love Out of Bounds Lost Ball Turnover (P1.T2),,,5.0,201567,Kevin Love,1610612739.0,Cleveland,Cavaliers,CLE,0,0,,,,,,1,0,,,,,
21,0021500160,23,2,5,1,7:45 PM,8:24,MISS Drummond 1' Layup,,,,,4.0,203083,Andre Drummond,1610612765.0,Detroit,Pistons,DET,0,0,,,,,,0,0,,,,,
22,0021500160,24,4,0,1,7:45 PM,8:23,,,Love REBOUND (Off:0 Def:1),,,5.0,201567,Kevin Love,1610612739.0,Cleveland,Cavaliers,CLE,0,0,,,,,,0,0,,,,,
23,0021500160,25,5,1,1,7:45 PM,8:21,Marc Morris STEAL (1 STL),,James Bad Pass Turnover (P2.T3),,,5.0,2544,LeBron James,1610612739.0,Cleveland,Cavaliers,CLE,4,202694,Marcus Morris,1610612765.0,Detroit,Pistons,DET,0,0,,,,,
24,0021500160,26,6,2,1,7:45 PM,8:19,,,Smith S.FOUL (P1.T2) (D.Jones),,,5.0,2747,J.R. Smith,1610612739.0,Cleveland,Cavaliers,CLE,4,202694,Marcus Morris,1610612765.0,Detroit,Pistons,DET,1,0,,,,,
25,0021500160,27,3,11,1,7:45 PM,8:19,MISS Marc Morris Free Throw 1 of 2,,,,,4.0,202694,Marcus Morris,1610612765.0,Detroit,Pistons,DET,0,0,,,,,,0,0,,,,,
26,0021500160,28,4,1,1,7:45 PM,8:19,PISTONS Rebound,,,,,2.0,1610612765,,,,,,0,0,,,,,,0,0,,,,,
27,0021500160,29,3,12,1,7:46 PM,8:19,Marc Morris Free Throw 2 of 2 (1 PTS),,,9 - 9,TIE,4.0,202694,Marcus Morris,1610612765.0,Detroit,Pistons,DET,0,0,,,,,,0,0,,,,,
28,0021500160,31,1,1,1,7:46 PM,8:05,,,James 25' 3PT Jump Shot (3 PTS) (Mozgov 1 AST),12 - 9,-3,5.0,2544,LeBron James,1610612739.0,Cleveland,Cavaliers,CLE,5,202389,Timofey Mozgov,1610612739.0,Cleveland,Cavaliers,CLE,0,0,,,,,
29,0021500160,32,5,40,1,7:47 PM,7:50,Marc Morris Out of Bounds Lost Ball Turnover (P1.T2),,,,,4.0,202694,Marcus Morris,1610612765.0,Detroit,Pistons,DET,0,0,,,,,,0,0,,,,,
30,0021500160,33,1,42,1,7:47 PM,7:35,,,James 1' Driving Layup (5 PTS),14 - 9,-5,5.0,2544,LeBron James,1610612739.0,Cleveland,Cavaliers,CLE,0,0,,,,,,0,0,,,,,
31,0021500160,34,1,42,1,7:47 PM,7:21,Jackson 1' Driving Layup (6 PTS),,,14 - 11,-3,4.0,202704,Reggie Jackson,1610612765.0,Detroit,Pistons,DET,0,0,,,,,,0,0,,,,,
32,0021500160,35,2,66,1,7:47 PM,7:07,,,MISS Love 16' Jump Bank Shot,,,5.0,201567,Kevin Love,1610612739.0,Cleveland,Cavaliers,CLE,0,0,,,,,,0,0,,,,,
33,0021500160,36,4,0,1,7:47 PM,7:05,Drummond REBOUND (Off:0 Def:2),,,,,4.0,203083,Andre Drummond,1610612765.0,Detroit,Pistons,DET,0,0,,,,,,0,0,,,,,
34,0021500160,37,1,1,1,7:48 PM,6:58,Ilyasova 24' 3PT Jump Shot (5 PTS) (Jackson 2 AST),,,14 - 14,TIE,4.0,101141,Ersan Ilyasova,1610612765.0,Detroit,Pistons,DET,4,202704,Reggie Jackson,1610612765.0,Detroit,Pistons,DET,0,0,,,,,
35,0021500160,38,5,1,1,7:48 PM,6:39,Jackson STEAL (1 STL),,Love Bad Pass Turnover (P2.T4),,,5.0,201567,Kevin Love,1610612739.0,Cleveland,Cavaliers,CLE,4,202704,Reggie Jackson,1610612765.0,Detroit,Pistons,DET,0,0,,,,,
36,0021500160,39,2,1,1,7:48 PM,6:30,MISS Ilyasova 19' Jump Shot,,,,,4.0,101141,Ersan Ilyasova,1610612765.0,Detroit,Pistons,DET,0,0,,,,,,0,0,,,,,
37,0021500160,40,4,0,1,7:48 PM,6:30,,,Mozgov REBOUND (Off:0 Def:1),,,5.0,202389,Timofey Mozgov,1610612739.0,Cleveland,Cavaliers,CLE,0,0,,,,,,0,0,,,,,
38,0021500160,43,2,1,1,7:49 PM,6:14,,,MISS Williams 26' 3PT Jump Shot,,,5.0,2590,Mo Williams,1610612739.0,Cleveland,Cavaliers,CLE,0,0,,,,,,0,0,,,,,
39,0021500160,44,4,0,1,7:49 PM,6:13,Drummond REBOUND (Off:0 Def:3),,,,,4.0,203083,Andre Drummond,1610612765.0,Detroit,Pistons,DET,0,0,,,,,,0,0,,,,,
40,0021500160,45,1,78,1,7:49 PM,6:07,Jackson 4' Floating Jump Shot (8 PTS),,,14 - 16,2,4.0,202704,Reggie Jackson,1610612765.0,Detroit,Pistons,DET,0,0,,,,,,0,0,,,,,
41,0021500160,46,9,1,1,7:49 PM,6:02,,,Cavaliers Timeout: Regular (Reg.1 Short 0),,,3.0,1610612739,,,,,,0,0,,,,,,0,0,,,,,
42,0021500160,48,6,1,1,7:52 PM,5:57,Marc Morris P.FOUL (P1.T1) (A.Smith),,,,,4.0,202694,Marcus Morris,1610612765.0,Detroit,Pistons,DET,5,2544,LeBron James,1610612739.0,Cleveland,Cavaliers,CLE,1,0,,,,,
43,0021500160,49,1,1,1,7:52 PM,5:47,,,Williams 7' Jump Shot (2 PTS),16 - 16,TIE,5.0,2590,Mo Williams,1610612739.0,Cleveland,Cavaliers,CLE,0,0,,,,,,0,0,,,,,
44,0021500160,50,1,1,1,7:53 PM,5:22,Jackson  3PT Jump Shot (11 PTS) (Ilyasova 1 AST),,,16 - 19,3,4.0,202704,Reggie Jackson,1610612765.0,Detroit,Pistons,DET,4,101141,Ersan Ilyasova,1610612765.0,Detroit,Pistons,DET,0,0,,,,,
45,0021500160,51,6,4,1,7:53 PM,5:06,,,Mozgov OFF.Foul (P1) (M.Smith),,,5.0,202389,Timofey Mozgov,1610612739.0,Cleveland,Cavaliers,CLE,4,202694,Marcus Morris,1610612765.0,Detroit,Pistons,DET,1,0,,,,,
46,0021500160,52,5,5,1,7:53 PM,5:06,,,Mozgov Foul Turnover (P1.T5),,,5.0,202389,Timofey Mozgov,1610612739.0,Cleveland,Cavaliers,CLE,0,0,,,,,,1,0,,,,,
47,0021500160,53,8,0,1,7:53 PM,5:06,,,SUB: Dellavedova FOR Williams,,,5.0,2590,Mo Williams,1610612739.0,Cleveland,Cavaliers,CLE,5,203521,Matthew Dellavedova,1610612739.0,Cleveland,Cavaliers,CLE,0,0,,,,,
48,0021500160,54,8,0,1,7:53 PM,5:06,,,SUB: Thompson FOR Mozgov,,,5.0,202389,Timofey Mozgov,1610612739.0,Cleveland,Cavaliers,CLE,5,202684,Tristan Thompson,1610612739.0,Cleveland,Cavaliers,CLE,0,0,,,,,
49,0021500160,55,1,1,1,7:54 PM,4:51,Ilyasova 26' 3PT Jump Shot (8 PTS) (Jackson 3 AST),,,16 - 22,6,4.0,101141,Ersan Ilyasova,1610612765.0,Detroit,Pistons,DET,4,202704,Reggie Jackson,1610612765.0,Detroit,Pistons,DET,0,0,,,,,
50,0021500160,56,2,1,1,7:54 PM,4:37,,,MISS James 26' 3PT Jump Shot,,,5.0,2544,LeBron James,1610612739.0,Cleveland,Cavaliers,CLE,0,0,,,,,,0,0,,,,,
51,0021500160,57,4,0,1,7:54 PM,4:37,PISTONS Rebound,,,,,2.0,1610612765,,,,,,0,0,,,,,,0,0,,,,,
52,0021500160,58,2,5,1,7:54 PM,4:23,MISS Jackson 1' Layup,,,,,4.0,202704,Reggie Jackson,1610612765.0,Detroit,Pistons,DET,0,0,,,,,,0,0,,,,,
53,0021500160,59,4,0,1,7:54 PM,4:23,Drummond REBOUND (Off:1 Def:3),,,,,4.0,203083,Andre Drummond,1610612765.0,Detroit,Pistons,DET,0,0,,,,,,0,0,,,,,
54,0021500160,60,1,97,1,7:54 PM,4:18,Drummond  Tip Layup Shot (4 PTS),,,16 - 24,8,4.0,203083,Andre Drummond,1610612765.0,Detroit,Pistons,DET,0,0,,,,,,0,0,,,,,
55,0021500160,61,1,42,1,7:55 PM,4:05,,,James 2' Driving Layup (7 PTS),18 - 24,6,5.0,2544,LeBron James,1610612739.0,Cleveland,Cavaliers,CLE,0,0,,,,,,0,0,,,,,
56,0021500160,62,1,42,1,7:55 PM,3:49,Ilyasova 1' Driving Layup (10 PTS) (Jackson 4 AST),,,18 - 26,8,4.0,101141,Ersan Ilyasova,1610612765.0,Detroit,Pistons,DET,4,202704,Reggie Jackson,1610612765.0,Detroit,Pistons,DET,0,0,,,,,
57,0021500160,63,2,5,1,7:55 PM,3:33,,,MISS James 1' Layup,,,5.0,2544,LeBron James,1610612739.0,Cleveland,Cavaliers,CLE,0,0,,,,,,0,0,,,,,
58,0021500160,64,4,0,1,7:55 PM,3:33,,,Thompson REBOUND (Off:1 Def:0),,,5.0,202684,Tristan Thompson,1610612739.0,Cleveland,Cavaliers,CLE,0,0,,,,,,0,0,,,,,
59,0021500160,65,2,1,1,7:55 PM,3:28,,,MISS Thompson 3' Jump Shot,,,5.0,202684,Tristan Thompson,1610612739.0,Cleveland,Cavaliers,CLE,0,0,,,,,,0,0,,,,,
60,0021500160,66,4,0,1,7:55 PM,3:28,Drummond REBOUND (Off:1 Def:4),,,,,4.0,203083,Andre Drummond,1610612765.0,Detroit,Pistons,DET,0,0,,,,,,0,0,,,,,
61,0021500160,67,2,1,1,7:55 PM,3:19,MISS Jackson 25' 3PT Jump Shot,,,,,4.0,202704,Reggie Jackson,1610612765.0,Detroit,Pistons,DET,0,0,,,,,,0,0,,,,,
62,0021500160,68,4,0,1,7:55 PM,3:18,,,Love REBOUND (Off:0 Def:2),,,5.0,201567,Kevin Love,1610612739.0,Cleveland,Cavaliers,CLE,0,0,,,,,,0,0,,,,,
63,0021500160,69,1,1,1,7:56 PM,3:06,,,James  3PT Jump Shot (10 PTS) (Dellavedova 1 AST),21 - 26,5,5.0,2544,LeBron James,1610612739.0,Cleveland,Cavaliers,CLE,5,203521,Matthew Dellavedova,1610612739.0,Cleveland,Cavaliers,CLE,0,0,,,,,
64,0021500160,70,9,1,1,7:56 PM,2:55,PISTONS Timeout: Regular (Full 1 Short 0),,,,,2.0,1610612765,,,,,,0,0,,,,,,0,0,,,,,
65,0021500160,72,8,0,1,7:58 PM,2:55,SUB: Johnson FOR Marc Morris,,,,,4.0,202694,Marcus Morris,1610612765.0,Detroit,Pistons,DET,4,1626169,Stanley Johnson,1610612765.0,Detroit,Pistons,DET,0,0,,,,,
66,0021500160,73,8,0,1,7:58 PM,2:55,,,SUB: Jefferson FOR James,,,5.0,2544,LeBron James,1610612739.0,Cleveland,Cavaliers,CLE,5,2210,Richard Jefferson,1610612739.0,Cleveland,Cavaliers,CLE,0,0,,,,,
67,0021500160,74,8,0,1,7:58 PM,2:55,,,SUB: Jones FOR Love,,,5.0,201567,Kevin Love,1610612739.0,Cleveland,Cavaliers,CLE,5,2592,James Jones,1610612739.0,Cleveland,Cavaliers,CLE,0,0,,,,,
68,0021500160,75,5,1,1,7:58 PM,2:52,Drummond Bad Pass Turnover (P1.T3),,,,,4.0,203083,Andre Drummond,1610612765.0,Detroit,Pistons,DET,0,0,,,,,,1,0,,,,,
69,0021500160,76,2,1,1,7:59 PM,2:39,,,MISS Jones 26' 3PT Jump Shot,,,5.0,2592,James Jones,1610612739.0,Cleveland,Cavaliers,CLE,0,0,,,,,,0,0,,,,,
70,0021500160,77,4,0,1,7:59 PM,2:38,Ilyasova REBOUND (Off:0 Def:1),,,,,4.0,101141,Ersan Ilyasova,1610612765.0,Detroit,Pistons,DET,0,0,,,,,,0,0,,,,,
71,0021500160,78,2,5,1,7:59 PM,2:18,MISS Jackson 1' Layup,,,,,4.0,202704,Reggie Jackson,1610612765.0,Detroit,Pistons,DET,0,0,,,,,,0,0,,,,,
72,0021500160,79,4,0,1,7:59 PM,2:17,,,Jones REBOUND (Off:0 Def:1),,,5.0,2592,James Jones,1610612739.0,Cleveland,Cavaliers,CLE,0,0,,,,,,0,0,,,,,
73,0021500160,81,8,0,1,7:59 PM,2:06,SUB: Tolliver FOR Ilyasova,,,,,4.0,101141,Ersan Ilyasova,1610612765.0,Detroit,Pistons,DET,4,201229,Anthony Tolliver,1610612765.0,Detroit,Pistons,DET,0,0,,,,,
74,0021500160,82,8,0,1,7:59 PM,2:06,SUB: Dinwiddie FOR Jackson,,,,,4.0,202704,Reggie Jackson,1610612765.0,Detroit,Pistons,DET,4,203915,Spencer Dinwiddie,1610612765.0,Detroit,Pistons,DET,0,0,,,,,
75,0021500160,83,1,1,1,8:00 PM,1:59,,,Smith 15' Jump Shot (9 PTS) (Jefferson 1 AST),23 - 26,3,5.0,2747,J.R. Smith,1610612739.0,Cleveland,Cavaliers,CLE,5,2210,Richard Jefferson,1610612739.0,Cleveland,Cavaliers,CLE,0,0,,,,,
76,0021500160,84,1,1,1,8:00 PM,1:41,Caldwell-Pope 26' 3PT Jump Shot (3 PTS) (Tolliver 1 AST),,,23 - 29,6,4.0,203484,Kentavious Caldwell-Pope,1610612765.0,Detroit,Pistons,DET,4,201229,Anthony Tolliver,1610612765.0,Detroit,Pistons,DET,0,0,,,,,
77,0021500160,85,1,52,1,8:00 PM,1:27,,,Thompson  Alley Oop Dunk (2 PTS) (Dellavedova 2 AST),25 - 29,4,5.0,202684,Tristan Thompson,1610612739.0,Cleveland,Cavaliers,CLE,5,203521,Matthew Dellavedova,1610612739.0,Cleveland,Cavaliers,CLE,0,0,,,,,
78,0021500160,86,6,2,1,8:01 PM,1:09,,,Jones S.FOUL (P1.T3) (A.Smith),,,5.0,2592,James Jones,1610612739.0,Cleveland,Cavaliers,CLE,4,203484,Kentavious Caldwell-Pope,1610612765.0,Detroit,Pistons,DET,1,0,,,,,
79,0021500160,87,3,11,1,8:01 PM,1:09,Caldwell-Pope Free Throw 1 of 2 (4 PTS),,,25 - 30,5,4.0,203484,Kentavious Caldwell-Pope,1610612765.0,Detroit,Pistons,DET,0,0,,,,,,0,0,,,,,
80,0021500160,89,8,0,1,8:01 PM,1:09,,,SUB: Cunningham FOR Smith,,,5.0,2747,J.R. Smith,1610612739.0,Cleveland,Cavaliers,CLE,5,203099,Jared Cunningham,1610612739.0,Cleveland,Cavaliers,CLE,0,0,,,,,
81,0021500160,90,3,12,1,8:01 PM,1:09,Caldwell-Pope Free Throw 2 of 2 (5 PTS),,,25 - 31,6,4.0,203484,Kentavious Caldwell-Pope,1610612765.0,Detroit,Pistons,DET,0,0,,,,,,0,0,,,,,
82,0021500160,92,2,1,1,8:02 PM,0:55,,,MISS Dellavedova 26' 3PT Jump Shot,,,5.0,203521,Matthew Dellavedova,1610612739.0,Cleveland,Cavaliers,CLE,0,0,,,,,,0,0,,,,,
83,0021500160,93,4,0,1,8:02 PM,0:55,Johnson REBOUND (Off:0 Def:1),,,,,4.0,1626169,Stanley Johnson,1610612765.0,Detroit,Pistons,DET,0,0,,,,,,0,0,,,,,
84,0021500160,94,2,1,1,8:02 PM,0:31,MISS Caldwell-Pope 26' 3PT Jump Shot,,,,,4.0,203484,Kentavious Caldwell-Pope,1610612765.0,Detroit,Pistons,DET,0,0,,,,,,0,0,,,,,
85,0021500160,95,4,0,1,8:02 PM,0:30,,,Thompson REBOUND (Off:1 Def:1),,,5.0,202684,Tristan Thompson,1610612739.0,Cleveland,Cavaliers,CLE,0,0,,,,,,0,0,,,,,
86,0021500160,96,1,52,1,8:02 PM,0:23,,,Thompson  Alley Oop Dunk (4 PTS) (Dellavedova 3 AST),27 - 31,4,5.0,202684,Tristan Thompson,1610612739.0,Cleveland,Cavaliers,CLE,5,203521,Matthew Dellavedova,1610612739.0,Cleveland,Cavaliers,CLE,0,0,,,,,
87,0021500160,97,6,2,1,8:03 PM,0:05,,,Jefferson S.FOUL (P1.PN) (D.Jones),,,5.0,2210,Richard Jefferson,1610612739.0,Cleveland,Cavaliers,CLE,4,203083,Andre Drummond,1610612765.0,Detroit,Pistons,DET,1,0,,,,,
88,0021500160,98,3,11,1,8:03 PM,0:05,MISS Drummond Free Throw 1 of 2,,,,,4.0,203083,Andre Drummond,1610612765.0,Detroit,Pistons,DET,0,0,,,,,,0,0,,,,,
89,0021500160,99,4,1,1,8:03 PM,0:05,PISTONS Rebound,,,,,2.0,1610612765,,,,,,0,0,,,,,,0,0,,,,,
90,0021500160,100,3,12,1,8:03 PM,0:05,MISS Drummond Free Throw 2 of 2,,,,,4.0,203083,Andre Drummond,1610612765.0,Detroit,Pistons,DET,0,0,,,,,,0,0,,,,,
91,0021500160,102,4,0,1,8:03 PM,0:03,,,Thompson REBOUND (Off:1 Def:2),,,5.0,202684,Tristan Thompson,1610612739.0,Cleveland,Cavaliers,CLE,0,0,,,,,,0,0,,,,,
92,0021500160,103,2,1,1,8:03 PM,0:01,,,MISS Jefferson 26' 3PT Jump Shot,,,5.0,2210,Richard Jefferson,1610612739.0,Cleveland,Cavaliers,CLE,0,0,,,,,,0,0,,,,,
93,0021500160,104,4,0,1,8:04 PM,0:00,,,Cavaliers Rebound,,,3.0,1610612739,,,,,,0,0,,,,,,0,0,,,,,
94,0021500160,105,13,0,1,8:04 PM,0:00,,,,27 - 31,4,0.0,0,,,,,,0,0,,,,,,0,0,,,,,
95,0021500160,107,12,0,2,8:06 PM,12:00,,,,27 - 31,4,0.0,0,,,,,,0,0,,,,,,0,0,,,,,
96,0021500160,109,2,1,2,8:07 PM,11:37,,,MISS Cunningham 19' Jump Shot,,,5.0,203099,Jared Cunningham,1610612739.0,Cleveland,Cavaliers,CLE,0,0,,,,,,0,0,,,,,
97,0021500160,110,4,0,2,8:07 PM,11:37,Johnson REBOUND (Off:0 Def:2),,,,,4.0,1626169,Stanley Johnson,1610612765.0,Detroit,Pistons,DET,0,0,,,,,,0,0,,,,,
98,0021500160,111,2,1,2,8:07 PM,11:19,MISS Johnson 17' Jump Shot,,,,,4.0,1626169,Stanley Johnson,1610612765.0,Detroit,Pistons,DET,0,0,,,,,,0,0,,,,,
99,0021500160,112,4,0,2,8:07 PM,11:18,,,Jones REBOUND (Off:0 Def:2),,,5.0,2592,James Jones,1610612739.0,Cleveland,Cavaliers,CLE,0,0,,,,,,0,0,,,,,
100,0021500160,113,1,1,2,8:07 PM,11:10,,,Jones 25' 3PT Jump Shot (3 PTS) (Dellavedova 4 AST),30 - 31,1,5.0,2592,James Jones,1610612739.0,Cleveland,Cavaliers,CLE,5,203521,Matthew Dellavedova,1610612739.0,Cleveland,Cavaliers,CLE,0,0,,,,,
101,0021500160,114,2,66,2,8:08 PM,10:53,MISS Baynes 9' Jump Bank Shot,,,,,4.0,203382,Aron Baynes,1610612765.0,Detroit,Pistons,DET,0,0,,,,,,0,0,,,,,
102,0021500160,115,4,0,2,8:08 PM,10:51,,,Jones REBOUND (Off:0 Def:3),,,5.0,2592,James Jones,1610612739.0,Cleveland,Cavaliers,CLE,0,0,,,,,,0,0,,,,,
103,0021500160,116,5,1,2,8:08 PM,10:46,Baynes STEAL (1 STL),,Dellavedova Bad Pass Turnover (P1.T6),,,5.0,203521,Matthew Dellavedova,1610612739.0,Cleveland,Cavaliers,CLE,4,203382,Aron Baynes,1610612765.0,Detroit,Pistons,DET,0,0,,,,,
104,0021500160,117,6,1,2,8:08 PM,10:45,,,Jones P.FOUL (P2.T1) (M.Smith),,,5.0,2592,James Jones,1610612739.0,Cleveland,Cavaliers,CLE,4,1626169,Stanley Johnson,1610612765.0,Detroit,Pistons,DET,1,0,,,,,
105,0021500160,118,8,0,2,8:08 PM,10:45,,,SUB: James FOR Cunningham,,,5.0,203099,Jared Cunningham,1610612739.0,Cleveland,Cavaliers,CLE,5,2544,LeBron James,1610612739.0,Cleveland,Cavaliers,CLE,0,0,,,,,
106,0021500160,119,5,41,2,8:08 PM,10:30,Johnson Poss Lost Ball Turnover (P1.T4),,Thompson STEAL (1 STL),,,4.0,1626169,Stanley Johnson,1610612765.0,Detroit,Pistons,DET,5,202684,Tristan Thompson,1610612739.0,Cleveland,Cavaliers,CLE,0,0,,,,,
107,0021500160,121,6,2,2,8:09 PM,10:29,Dinwiddie S.FOUL (P1.T1) (M.Smith),,,,,4.0,203915,Spencer Dinwiddie,1610612765.0,Detroit,Pistons,DET,5,2544,LeBron James,1610612739.0,Cleveland,Cavaliers,CLE,1,0,,,,,
108,0021500160,122,3,11,2,8:09 PM,10:29,,,James Free Throw 1 of 2 (11 PTS),31 - 31,TIE,5.0,2544,LeBron James,1610612739.0,Cleveland,Cavaliers,CLE,0,0,,,,,,0,0,,,,,
109,0021500160,124,3,12,2,8:09 PM,10:29,,,James Free Throw 2 of 2 (12 PTS),32 - 31,-1,5.0,2544,LeBron James,1610612739.0,Cleveland,Cavaliers,CLE,0,0,,,,,,0,0,,,,,
110,0021500160,126,2,1,2,8:10 PM,10:06,MISS Dinwiddie 26' 3PT Jump Shot,,,,,4.0,203915,Spencer Dinwiddie,1610612765.0,Detroit,Pistons,DET,0,0,,,,,,0,0,,,,,
111,0021500160,127,4,0,2,8:10 PM,10:06,,,Thompson REBOUND (Off:1 Def:3),,,5.0,202684,Tristan Thompson,1610612739.0,Cleveland,Cavaliers,CLE,0,0,,,,,,0,0,,,,,
112,0021500160,128,2,1,2,8:10 PM,9:43,,,MISS Dellavedova 26' 3PT Jump Shot,,,5.0,203521,Matthew Dellavedova,1610612739.0,Cleveland,Cavaliers,CLE,0,0,,,,,,0,0,,,,,
113,0021500160,129,4,0,2,8:10 PM,9:40,Johnson REBOUND (Off:0 Def:3),,,,,4.0,1626169,Stanley Johnson,1610612765.0,Detroit,Pistons,DET,0,0,,,,,,0,0,,,,,
114,0021500160,130,1,1,2,8:10 PM,9:30,Dinwiddie 16' Jump Shot (2 PTS),,,32 - 33,1,4.0,203915,Spencer Dinwiddie,1610612765.0,Detroit,Pistons,DET,0,0,,,,,,0,0,,,,,
115,0021500160,131,1,1,2,8:11 PM,9:01,,,James 25' 3PT Jump Shot (15 PTS),35 - 33,-2,5.0,2544,LeBron James,1610612739.0,Cleveland,Cavaliers,CLE,0,0,,,,,,0,0,,,,,
116,0021500160,132,1,66,2,8:11 PM,8:42,Johnson 5' Jump Bank Shot (2 PTS) (Bullock 1 AST),,,35 - 35,TIE,4.0,1626169,Stanley Johnson,1610612765.0,Detroit,Pistons,DET,4,203493,Reggie Bullock,1610612765.0,Detroit,Pistons,DET,0,0,,,,,
117,0021500160,133,2,1,2,8:11 PM,8:17,,,MISS James 13' Jump Shot,,,5.0,2544,LeBron James,1610612739.0,Cleveland,Cavaliers,CLE,0,0,,,,,,0,0,,,,,
118,0021500160,134,4,0,2,8:11 PM,8:17,Baynes REBOUND (Off:0 Def:1),,,,,4.0,203382,Aron Baynes,1610612765.0,Detroit,Pistons,DET,0,0,,,,,,0,0,,,,,
119,0021500160,135,5,1,2,8:12 PM,8:04,Dinwiddie Bad Pass Turnover (P1.T5),,,,,4.0,203915,Spencer Dinwiddie,1610612765.0,Detroit,Pistons,DET,0,0,,,,,,1,0,,,,,
120,0021500160,136,9,4,2,8:12 PM,8:04,,,,,,1.0,0,,,,,,0,0,,,,,,0,0,,,,,
121,0021500160,137,8,0,2,8:14 PM,8:04,,,SUB: Love FOR Thompson,,,5.0,202684,Tristan Thompson,1610612739.0,Cleveland,Cavaliers,CLE,5,201567,Kevin Love,1610612739.0,Cleveland,Cavaliers,CLE,0,0,,,,,
122,0021500160,138,8,0,2,8:14 PM,8:04,,,SUB: Mozgov FOR Jones,,,5.0,2592,James Jones,1610612739.0,Cleveland,Cavaliers,CLE,5,202389,Timofey Mozgov,1610612739.0,Cleveland,Cavaliers,CLE,0,0,,,,,
123,0021500160,139,1,5,2,8:14 PM,7:56,,,James 1' Layup (17 PTS) (Love 2 AST),37 - 35,-2,5.0,2544,LeBron James,1610612739.0,Cleveland,Cavaliers,CLE,5,201567,Kevin Love,1610612739.0,Cleveland,Cavaliers,CLE,0,0,,,,,
124,0021500160,141,6,2,2,8:14 PM,7:56,Johnson S.FOUL (P1.T2) (M.Smith),,,,,4.0,1626169,Stanley Johnson,1610612765.0,Detroit,Pistons,DET,5,2544,LeBron James,1610612739.0,Cleveland,Cavaliers,CLE,1,0,,,,,
125,0021500160,142,3,10,2,8:15 PM,7:56,,,James Free Throw 1 of 1 (18 PTS),38 - 35,-3,5.0,2544,LeBron James,1610612739.0,Cleveland,Cavaliers,CLE,0,0,,,,,,0,0,,,,,
126,0021500160,144,2,1,2,8:15 PM,7:37,MISS Bullock 7' Jump Shot,,,,,4.0,203493,Reggie Bullock,1610612765.0,Detroit,Pistons,DET,0,0,,,,,,0,0,,,,,
127,0021500160,190,4,0,2,8:15 PM,7:36,Baynes REBOUND (Off:1 Def:1),,,,,4.0,203382,Aron Baynes,1610612765.0,Detroit,Pistons,DET,0,0,,,,,,0,0,,,,,
128,0021500160,192,2,97,2,8:15 PM,7:35,MISS Baynes 1' Tip Layup Shot,,,,,4.0,203382,Aron Baynes,1610612765.0,Detroit,Pistons,DET,0,0,,,,,,0,0,,,,,
129,0021500160,145,4,0,2,8:15 PM,7:33,,,Love REBOUND (Off:0 Def:3),,,5.0,201567,Kevin Love,1610612739.0,Cleveland,Cavaliers,CLE,0,0,,,,,,0,0,,,,,
130,0021500160,146,1,1,2,8:15 PM,7:27,,,James 26' 3PT Jump Shot (21 PTS) (Dellavedova 5 AST),41 - 35,-6,5.0,2544,LeBron James,1610612739.0,Cleveland,Cavaliers,CLE,5,203521,Matthew Dellavedova,1610612739.0,Cleveland,Cavaliers,CLE,0,0,,,,,
131,0021500160,147,2,1,2,8:15 PM,7:16,MISS Dinwiddie 5' Jump Shot,,,,,4.0,203915,Spencer Dinwiddie,1610612765.0,Detroit,Pistons,DET,0,0,,,,,,0,0,,,,,
132,0021500160,148,4,0,2,8:15 PM,7:16,,,Love REBOUND (Off:0 Def:4),,,5.0,201567,Kevin Love,1610612739.0,Cleveland,Cavaliers,CLE,0,0,,,,,,0,0,,,,,
133,0021500160,149,6,1,2,8:16 PM,7:16,Dinwiddie P.FOUL (P2.T3) (M.Smith),,,,,4.0,203915,Spencer Dinwiddie,1610612765.0,Detroit,Pistons,DET,5,201567,Kevin Love,1610612739.0,Cleveland,Cavaliers,CLE,1,0,,,,,
134,0021500160,150,8,0,2,8:16 PM,7:16,SUB: Drummond FOR Johnson,,,,,4.0,1626169,Stanley Johnson,1610612765.0,Detroit,Pistons,DET,4,203083,Andre Drummond,1610612765.0,Detroit,Pistons,DET,0,0,,,,,
135,0021500160,151,8,0,2,8:16 PM,7:16,SUB: Marc Morris FOR Dinwiddie,,,,,4.0,203915,Spencer Dinwiddie,1610612765.0,Detroit,Pistons,DET,4,202694,Marcus Morris,1610612765.0,Detroit,Pistons,DET,0,0,,,,,
136,0021500160,152,8,0,2,8:16 PM,7:16,SUB: Jackson FOR Baynes,,,,,4.0,203382,Aron Baynes,1610612765.0,Detroit,Pistons,DET,4,202704,Reggie Jackson,1610612765.0,Detroit,Pistons,DET,0,0,,,,,
137,0021500160,153,2,1,2,8:16 PM,7:02,,,MISS Dellavedova 26' 3PT Jump Shot,,,5.0,203521,Matthew Dellavedova,1610612739.0,Cleveland,Cavaliers,CLE,0,0,,,,,,0,0,,,,,
138,0021500160,154,4,0,2,8:16 PM,7:01,Marc Morris REBOUND (Off:0 Def:1),,,,,4.0,202694,Marcus Morris,1610612765.0,Detroit,Pistons,DET,0,0,,,,,,0,0,,,,,
139,0021500160,155,1,5,2,8:16 PM,6:51,Drummond 1' Layup (6 PTS) (Marc Morris 1 AST),,,41 - 37,-4,4.0,203083,Andre Drummond,1610612765.0,Detroit,Pistons,DET,4,202694,Marcus Morris,1610612765.0,Detroit,Pistons,DET,0,0,,,,,
140,0021500160,157,8,0,2,8:17 PM,6:31,SUB: Caldwell-Pope FOR Bullock,,,,,4.0,203493,Reggie Bullock,1610612765.0,Detroit,Pistons,DET,4,203484,Kentavious Caldwell-Pope,1610612765.0,Detroit,Pistons,DET,0,0,,,,,
141,0021500160,158,8,0,2,8:17 PM,6:31,,,SUB: Williams FOR Dellavedova,,,5.0,203521,Matthew Dellavedova,1610612739.0,Cleveland,Cavaliers,CLE,5,2590,Mo Williams,1610612739.0,Cleveland,Cavaliers,CLE,0,0,,,,,
142,0021500160,159,8,0,2,8:17 PM,6:31,,,SUB: Smith FOR Jefferson,,,5.0,2210,Richard Jefferson,1610612739.0,Cleveland,Cavaliers,CLE,5,2747,J.R. Smith,1610612739.0,Cleveland,Cavaliers,CLE,0,0,,,,,
143,0021500160,161,2,1,2,8:17 PM,6:25,,,MISS Mozgov 20' Jump Shot,,,5.0,202389,Timofey Mozgov,1610612739.0,Cleveland,Cavaliers,CLE,0,0,,,,,,0,0,,,,,
144,0021500160,162,4,0,2,8:17 PM,6:25,Drummond REBOUND (Off:1 Def:5),,,,,4.0,203083,Andre Drummond,1610612765.0,Detroit,Pistons,DET,0,0,,,,,,0,0,,,,,
145,0021500160,163,1,3,2,8:18 PM,6:04,Drummond 6' Hook Shot (8 PTS),,,41 - 39,-2,4.0,203083,Andre Drummond,1610612765.0,Detroit,Pistons,DET,0,0,,,,,,0,0,,,,,
146,0021500160,164,1,1,2,8:18 PM,5:45,,,Williams 8' Jump Shot (4 PTS),43 - 39,-4,5.0,2590,Mo Williams,1610612739.0,Cleveland,Cavaliers,CLE,0,0,,,,,,0,0,,,,,
147,0021500160,165,1,1,2,8:18 PM,5:27,Jackson 14' Jump Shot (13 PTS),,,43 - 41,-2,4.0,202704,Reggie Jackson,1610612765.0,Detroit,Pistons,DET,0,0,,,,,,0,0,,,,,
148,0021500160,166,1,1,2,8:18 PM,5:17,,,Williams 17' Jump Shot (6 PTS),45 - 41,-4,5.0,2590,Mo Williams,1610612739.0,Cleveland,Cavaliers,CLE,0,0,,,,,,0,0,,,,,
149,0021500160,167,1,52,2,8:19 PM,5:03,Drummond  Alley Oop Dunk (10 PTS) (Jackson 5 AST),,,45 - 43,-2,4.0,203083,Andre Drummond,1610612765.0,Detroit,Pistons,DET,4,202704,Reggie Jackson,1610612765.0,Detroit,Pistons,DET,0,0,,,,,
150,0021500160,168,1,5,2,8:19 PM,4:36,,,Mozgov 1' Layup (2 PTS) (Williams 2 AST),47 - 43,-4,5.0,202389,Timofey Mozgov,1610612739.0,Cleveland,Cavaliers,CLE,5,2590,Mo Williams,1610612739.0,Cleveland,Cavaliers,CLE,0,0,,,,,
151,0021500160,169,2,1,2,8:19 PM,4:21,MISS Caldwell-Pope 21' Jump Shot,,,,,4.0,203484,Kentavious Caldwell-Pope,1610612765.0,Detroit,Pistons,DET,0,0,,,,,,0,0,,,,,
152,0021500160,170,4,0,2,8:19 PM,4:19,,,James REBOUND (Off:0 Def:2),,,5.0,2544,LeBron James,1610612739.0,Cleveland,Cavaliers,CLE,0,0,,,,,,0,0,,,,,
153,0021500160,171,1,42,2,8:20 PM,3:58,,,James 1' Driving Layup (23 PTS),49 - 43,-6,5.0,2544,LeBron James,1610612739.0,Cleveland,Cavaliers,CLE,0,0,,,,,,0,0,,,,,
154,0021500160,172,2,5,2,8:20 PM,3:35,MISS Drummond 1' Layup,,,,,4.0,203083,Andre Drummond,1610612765.0,Detroit,Pistons,DET,0,0,,,,,,0,0,,,,,
155,0021500160,173,4,0,2,8:20 PM,3:34,Drummond REBOUND (Off:2 Def:5),,,,,4.0,203083,Andre Drummond,1610612765.0,Detroit,Pistons,DET,0,0,,,,,,0,0,,,,,
156,0021500160,174,1,97,2,8:20 PM,3:30,Drummond 1' Tip Layup Shot (12 PTS),,,49 - 45,-4,4.0,203083,Andre Drummond,1610612765.0,Detroit,Pistons,DET,0,0,,,,,,0,0,,,,,
157,0021500160,175,9,1,2,8:20 PM,3:29,,,Cavaliers Timeout: Regular (Reg.2 Short 0),,,3.0,1610612739,,,,,,0,0,,,,,,0,0,,,,,
158,0021500160,177,8,0,2,8:23 PM,3:29,SUB: Ilyasova FOR Tolliver,,,,,4.0,201229,Anthony Tolliver,1610612765.0,Detroit,Pistons,DET,4,101141,Ersan Ilyasova,1610612765.0,Detroit,Pistons,DET,0,0,,,,,
159,0021500160,178,7,1,2,8:23 PM,3:29,,,Cavaliers Violation: Delay of game Violation,,,3.0,1610612739,,,,,,0,0,,,,,,1,0,,,,,
160,0021500160,179,6,2,2,8:24 PM,3:16,Ilyasova S.FOUL (P1.T4) (M.Smith),,,,,4.0,101141,Ersan Ilyasova,1610612765.0,Detroit,Pistons,DET,5,201567,Kevin Love,1610612739.0,Cleveland,Cavaliers,CLE,1,0,,,,,
161,0021500160,180,3,11,2,8:24 PM,3:16,,,Love Free Throw 1 of 2 (3 PTS),50 - 45,-5,5.0,201567,Kevin Love,1610612739.0,Cleveland,Cavaliers,CLE,0,0,,,,,,0,0,,,,,
162,0021500160,182,3,12,2,8:24 PM,3:16,,,Love Free Throw 2 of 2 (4 PTS),51 - 45,-6,5.0,201567,Kevin Love,1610612739.0,Cleveland,Cavaliers,CLE,0,0,,,,,,0,0,,,,,
163,0021500160,184,6,1,2,8:24 PM,3:09,,,James P.FOUL (P1.T2) (M.Smith),,,5.0,2544,LeBron James,1610612739.0,Cleveland,Cavaliers,CLE,4,202694,Marcus Morris,1610612765.0,Detroit,Pistons,DET,1,0,,,,,
164,0021500160,185,2,5,2,8:25 PM,2:59,MISS Jackson 1' Layup,,Smith BLOCK (1 BLK),,,4.0,202704,Reggie Jackson,1610612765.0,Detroit,Pistons,DET,0,0,,,,,,5,2747,J.R. Smith,1610612739.0,Cleveland,Cavaliers,CLE
165,0021500160,186,4,0,2,8:25 PM,2:58,,,Mozgov REBOUND (Off:0 Def:2),,,5.0,202389,Timofey Mozgov,1610612739.0,Cleveland,Cavaliers,CLE,0,0,,,,,,0,0,,,,,
166,0021500160,187,5,1,2,8:25 PM,2:56,Caldwell-Pope STEAL (1 STL),,Mozgov Bad Pass Turnover (P2.T7),,,5.0,202389,Timofey Mozgov,1610612739.0,Cleveland,Cavaliers,CLE,4,203484,Kentavious Caldwell-Pope,1610612765.0,Detroit,Pistons,DET,0,0,,,,,
167,0021500160,188,1,42,2,8:25 PM,2:45,Caldwell-Pope 1' Driving Layup (7 PTS),,,51 - 47,-4,4.0,203484,Kentavious Caldwell-Pope,1610612765.0,Detroit,Pistons,DET,0,0,,,,,,0,0,,,,,
168,0021500160,189,1,1,2,8:25 PM,2:32,,,Love 26' 3PT Jump Shot (7 PTS) (Williams 3 AST),54 - 47,-7,5.0,201567,Kevin Love,1610612739.0,Cleveland,Cavaliers,CLE,5,2590,Mo Williams,1610612739.0,Cleveland,Cavaliers,CLE,0,0,,,,,
169,0021500160,191,6,2,2,8:26 PM,2:17,,,Love S.FOUL (P1.T3) (A.Smith),,,5.0,201567,Kevin Love,1610612739.0,Cleveland,Cavaliers,CLE,4,101141,Ersan Ilyasova,1610612765.0,Detroit,Pistons,DET,1,0,,,,,
170,0021500160,193,9,1,2,8:26 PM,2:17,PISTONS Timeout: Regular (Full 2 Short 0),,,,,2.0,1610612765,,,,,,0,0,,,,,,0,0,,,,,
171,0021500160,195,8,0,2,8:28 PM,2:17,,,SUB: Thompson FOR Mozgov,,,5.0,202389,Timofey Mozgov,1610612739.0,Cleveland,Cavaliers,CLE,5,202684,Tristan Thompson,1610612739.0,Cleveland,Cavaliers,CLE,0,0,,,,,
172,0021500160,196,3,11,2,8:28 PM,2:17,Ilyasova Free Throw 1 of 2 (11 PTS),,,54 - 48,-6,4.0,101141,Ersan Ilyasova,1610612765.0,Detroit,Pistons,DET,0,0,,,,,,0,0,,,,,
173,0021500160,198,3,12,2,8:29 PM,2:17,Ilyasova Free Throw 2 of 2 (12 PTS),,,54 - 49,-5,4.0,101141,Ersan Ilyasova,1610612765.0,Detroit,Pistons,DET,0,0,,,,,,0,0,,,,,
174,0021500160,200,2,1,2,8:29 PM,2:01,,,MISS James 20' Jump Shot,,,5.0,2544,LeBron James,1610612739.0,Cleveland,Cavaliers,CLE,0,0,,,,,,0,0,,,,,
175,0021500160,201,4,0,2,8:29 PM,2:01,Ilyasova REBOUND (Off:0 Def:2),,,,,4.0,101141,Ersan Ilyasova,1610612765.0,Detroit,Pistons,DET,0,0,,,,,,0,0,,,,,
176,0021500160,202,2,1,2,8:29 PM,1:54,MISS Caldwell-Pope 25' 3PT Jump Shot,,,,,4.0,203484,Kentavious Caldwell-Pope,1610612765.0,Detroit,Pistons,DET,0,0,,,,,,0,0,,,,,
177,0021500160,203,4,0,2,8:29 PM,1:53,,,Love REBOUND (Off:0 Def:5),,,5.0,201567,Kevin Love,1610612739.0,Cleveland,Cavaliers,CLE,0,0,,,,,,0,0,,,,,
178,0021500160,205,7,2,2,8:30 PM,1:37,Drummond Violation:Defensive Goaltending (D.Jones),,,,,4.0,203083,Andre Drummond,1610612765.0,Detroit,Pistons,DET,0,0,,,,,,1,0,,,,,
179,0021500160,204,1,5,2,8:30 PM,1:37,,,Love 1' Layup (9 PTS) (Williams 4 AST),56 - 49,-7,5.0,201567,Kevin Love,1610612739.0,Cleveland,Cavaliers,CLE,5,2590,Mo Williams,1610612739.0,Cleveland,Cavaliers,CLE,0,0,,,,,
180,0021500160,206,2,1,2,8:30 PM,1:19,MISS Marc Morris 18' Jump Shot,,,,,4.0,202694,Marcus Morris,1610612765.0,Detroit,Pistons,DET,0,0,,,,,,0,0,,,,,
181,0021500160,207,4,0,2,8:30 PM,1:18,,,Williams REBOUND (Off:0 Def:2),,,5.0,2590,Mo Williams,1610612739.0,Cleveland,Cavaliers,CLE,0,0,,,,,,0,0,,,,,
182,0021500160,208,5,1,2,8:30 PM,1:12,Marc Morris STEAL (2 STL),,Williams Bad Pass Turnover (P1.T8),,,5.0,2590,Mo Williams,1610612739.0,Cleveland,Cavaliers,CLE,4,202694,Marcus Morris,1610612765.0,Detroit,Pistons,DET,0,0,,,,,
183,0021500160,209,6,1,2,8:30 PM,1:11,,,Love P.FOUL (P2.T4) (D.Jones),,,5.0,201567,Kevin Love,1610612739.0,Cleveland,Cavaliers,CLE,4,202694,Marcus Morris,1610612765.0,Detroit,Pistons,DET,1,0,,,,,
184,0021500160,210,8,0,2,8:31 PM,1:11,,,SUB: Jones FOR Love,,,5.0,201567,Kevin Love,1610612739.0,Cleveland,Cavaliers,CLE,5,2592,James Jones,1610612739.0,Cleveland,Cavaliers,CLE,0,0,,,,,
185,0021500160,211,2,78,2,8:31 PM,0:51,MISS Marc Morris 10' Floating Jump Shot,,,,,4.0,202694,Marcus Morris,1610612765.0,Detroit,Pistons,DET,0,0,,,,,,0,0,,,,,
186,0021500160,212,4,0,2,8:31 PM,0:51,PISTONS Rebound,,,,,2.0,1610612765,,,,,,0,0,,,,,,0,0,,,,,
187,0021500160,213,1,5,2,8:32 PM,0:47,Marc Morris 2' Layup (3 PTS) (Ilyasova 2 AST),,,56 - 51,-5,4.0,202694,Marcus Morris,1610612765.0,Detroit,Pistons,DET,4,101141,Ersan Ilyasova,1610612765.0,Detroit,Pistons,DET,0,0,,,,,
188,0021500160,214,2,1,2,8:32 PM,0:37,,,MISS James 25' 3PT Jump Shot,,,5.0,2544,LeBron James,1610612739.0,Cleveland,Cavaliers,CLE,0,0,,,,,,0,0,,,,,
189,0021500160,215,4,0,2,8:32 PM,0:36,Drummond REBOUND (Off:2 Def:6),,,,,4.0,203083,Andre Drummond,1610612765.0,Detroit,Pistons,DET,0,0,,,,,,0,0,,,,,
190,0021500160,216,6,2,2,8:32 PM,0:34,,,Smith S.FOUL (P2.PN) (M.Smith),,,5.0,2747,J.R. Smith,1610612739.0,Cleveland,Cavaliers,CLE,4,202704,Reggie Jackson,1610612765.0,Detroit,Pistons,DET,1,0,,,,,
191,0021500160,217,3,11,2,8:32 PM,0:34,Jackson Free Throw 1 of 2 (14 PTS),,,56 - 52,-4,4.0,202704,Reggie Jackson,1610612765.0,Detroit,Pistons,DET,0,0,,,,,,0,0,,,,,
192,0021500160,218,3,12,2,8:33 PM,0:34,Jackson Free Throw 2 of 2 (15 PTS),,,56 - 53,-3,4.0,202704,Reggie Jackson,1610612765.0,Detroit,Pistons,DET,0,0,,,,,,0,0,,,,,
193,0021500160,220,2,1,2,8:33 PM,0:13,,,MISS Thompson 5' Jump Shot,,,5.0,202684,Tristan Thompson,1610612739.0,Cleveland,Cavaliers,CLE,0,0,,,,,,0,0,,,,,
194,0021500160,221,4,0,2,8:33 PM,0:13,Marc Morris REBOUND (Off:0 Def:2),,,,,4.0,202694,Marcus Morris,1610612765.0,Detroit,Pistons,DET,0,0,,,,,,0,0,,,,,
195,0021500160,222,2,1,2,8:33 PM,0:01,MISS Marc Morris 26' 3PT Jump Shot,,,,,4.0,202694,Marcus Morris,1610612765.0,Detroit,Pistons,DET,0,0,,,,,,0,0,,,,,
196,0021500160,223,4,0,2,8:33 PM,0:01,Drummond REBOUND (Off:3 Def:6),,,,,4.0,203083,Andre Drummond,1610612765.0,Detroit,Pistons,DET,0,0,,,,,,0,0,,,,,
197,0021500160,224,1,97,2,8:33 PM,0:00,Drummond 1' Tip Layup Shot (14 PTS),,,56 - 55,-1,4.0,203083,Andre Drummond,1610612765.0,Detroit,Pistons,DET,0,0,,,,,,0,0,,,,,
198,0021500160,225,18,0,2,8:34 PM,0:00,,,,,,,224,Eddie Jones,,,,,0,0,,,,,,1,0,,,,,
199,0021500160,226,13,0,2,8:34 PM,0:00,,,,56 - 55,-1,0.0,0,,,,,,0,0,,,,,,0,0,,,,,
200,0021500160,228,12,0,3,8:50 PM,12:00,,,,56 - 55,-1,0.0,0,,,,,,0,0,,,,,,0,0,,,,,
201,0021500160,229,2,5,3,8:51 PM,11:47,Drummond BLOCK (1 BLK),,MISS James 1' Layup,,,5.0,2544,LeBron James,1610612739.0,Cleveland,Cavaliers,CLE,0,0,,,,,,4,203083,Andre Drummond,1610612765.0,Detroit,Pistons,DET
202,0021500160,230,4,0,3,8:51 PM,11:46,Marc Morris REBOUND (Off:0 Def:3),,,,,4.0,202694,Marcus Morris,1610612765.0,Detroit,Pistons,DET,0,0,,,,,,0,0,,,,,
203,0021500160,231,2,1,3,8:51 PM,11:39,MISS Ilyasova 25' 3PT Jump Shot,,,,,4.0,101141,Ersan Ilyasova,1610612765.0,Detroit,Pistons,DET,0,0,,,,,,0,0,,,,,
204,0021500160,232,4,0,3,8:51 PM,11:38,Caldwell-Pope REBOUND (Off:1 Def:0),,,,,4.0,203484,Kentavious Caldwell-Pope,1610612765.0,Detroit,Pistons,DET,0,0,,,,,,0,0,,,,,
205,0021500160,233,2,1,3,8:51 PM,11:32,MISS Caldwell-Pope 5' Jump Shot,,,,,4.0,203484,Kentavious Caldwell-Pope,1610612765.0,Detroit,Pistons,DET,0,0,,,,,,0,0,,,,,
206,0021500160,234,4,0,3,8:51 PM,11:32,,,Mozgov REBOUND (Off:0 Def:3),,,5.0,202389,Timofey Mozgov,1610612739.0,Cleveland,Cavaliers,CLE,0,0,,,,,,0,0,,,,,
207,0021500160,235,2,1,3,8:51 PM,11:26,,,MISS Smith 24' 3PT Jump Shot,,,5.0,2747,J.R. Smith,1610612739.0,Cleveland,Cavaliers,CLE,0,0,,,,,,0,0,,,,,
208,0021500160,236,4,0,3,8:51 PM,11:25,Drummond REBOUND (Off:3 Def:7),,,,,4.0,203083,Andre Drummond,1610612765.0,Detroit,Pistons,DET,0,0,,,,,,0,0,,,,,
209,0021500160,237,5,2,3,8:51 PM,11:20,Drummond Lost Ball Turnover (P2.T6),,Love STEAL (1 STL),,,4.0,203083,Andre Drummond,1610612765.0,Detroit,Pistons,DET,5,201567,Kevin Love,1610612739.0,Cleveland,Cavaliers,CLE,0,0,,,,,
210,0021500160,238,1,5,3,8:51 PM,11:15,,,Love 1' Layup (11 PTS),58 - 55,-3,5.0,201567,Kevin Love,1610612739.0,Cleveland,Cavaliers,CLE,0,0,,,,,,0,0,,,,,
211,0021500160,239,5,1,3,8:52 PM,11:01,Jackson Bad Pass Turnover (P2.T7),,Mozgov STEAL (1 STL),,,4.0,202704,Reggie Jackson,1610612765.0,Detroit,Pistons,DET,5,202389,Timofey Mozgov,1610612739.0,Cleveland,Cavaliers,CLE,0,0,,,,,
212,0021500160,240,1,1,3,8:52 PM,10:53,,,Williams 13' Jump Shot (8 PTS),60 - 55,-5,5.0,2590,Mo Williams,1610612739.0,Cleveland,Cavaliers,CLE,0,0,,,,,,0,0,,,,,
213,0021500160,241,2,1,3,8:52 PM,10:36,MISS Jackson 4' Jump Shot,,,,,4.0,202704,Reggie Jackson,1610612765.0,Detroit,Pistons,DET,0,0,,,,,,0,0,,,,,
214,0021500160,242,4,0,3,8:52 PM,10:36,,,Mozgov REBOUND (Off:0 Def:4),,,5.0,202389,Timofey Mozgov,1610612739.0,Cleveland,Cavaliers,CLE,0,0,,,,,,0,0,,,,,
215,0021500160,243,1,1,3,8:52 PM,10:27,,,Smith 26' 3PT Jump Shot (12 PTS) (Love 3 AST),63 - 55,-8,5.0,2747,J.R. Smith,1610612739.0,Cleveland,Cavaliers,CLE,5,201567,Kevin Love,1610612739.0,Cleveland,Cavaliers,CLE,0,0,,,,,
216,0021500160,244,9,1,3,8:52 PM,10:27,PISTONS Timeout: Regular (Full 3 Short 0),,,,,2.0,1610612765,,,,,,0,0,,,,,,0,0,,,,,
217,0021500160,246,5,1,3,8:55 PM,10:07,Marc Morris Bad Pass Turnover (P2.T8),,Mozgov STEAL (2 STL),,,4.0,202694,Marcus Morris,1610612765.0,Detroit,Pistons,DET,5,202389,Timofey Mozgov,1610612739.0,Cleveland,Cavaliers,CLE,0,0,,,,,
218,0021500160,247,6,2,3,8:55 PM,10:00,Jackson S.FOUL (P1.T1) (A.Smith),,,,,4.0,202704,Reggie Jackson,1610612765.0,Detroit,Pistons,DET,5,202389,Timofey Mozgov,1610612739.0,Cleveland,Cavaliers,CLE,1,0,,,,,
219,0021500160,248,3,11,3,8:55 PM,10:00,,,Mozgov Free Throw 1 of 2 (3 PTS),64 - 55,-9,5.0,202389,Timofey Mozgov,1610612739.0,Cleveland,Cavaliers,CLE,0,0,,,,,,0,0,,,,,
220,0021500160,250,3,12,3,8:56 PM,10:00,,,Mozgov Free Throw 2 of 2 (4 PTS),65 - 55,-10,5.0,202389,Timofey Mozgov,1610612739.0,Cleveland,Cavaliers,CLE,0,0,,,,,,0,0,,,,,
221,0021500160,252,1,46,3,8:56 PM,9:41,Caldwell-Pope 8' Running Jump Shot (9 PTS),,,65 - 57,-8,4.0,203484,Kentavious Caldwell-Pope,1610612765.0,Detroit,Pistons,DET,0,0,,,,,,0,0,,,,,
222,0021500160,253,1,1,3,8:56 PM,9:28,,,Mozgov 19' Jump Shot (6 PTS) (Williams 5 AST),67 - 57,-10,5.0,202389,Timofey Mozgov,1610612739.0,Cleveland,Cavaliers,CLE,5,2590,Mo Williams,1610612739.0,Cleveland,Cavaliers,CLE,0,0,,,,,
223,0021500160,254,2,1,3,8:57 PM,9:10,MISS Marc Morris 5' Jump Shot,,,,,4.0,202694,Marcus Morris,1610612765.0,Detroit,Pistons,DET,0,0,,,,,,0,0,,,,,
224,0021500160,256,4,0,3,8:57 PM,9:08,Ilyasova REBOUND (Off:1 Def:2),,,,,4.0,101141,Ersan Ilyasova,1610612765.0,Detroit,Pistons,DET,0,0,,,,,,0,0,,,,,
225,0021500160,255,2,5,3,8:57 PM,9:08,MISS Ilyasova  Layup,,Mozgov BLOCK (1 BLK),,,4.0,101141,Ersan Ilyasova,1610612765.0,Detroit,Pistons,DET,0,0,,,,,,5,202389,Timofey Mozgov,1610612739.0,Cleveland,Cavaliers,CLE
226,0021500160,257,4,0,3,8:57 PM,9:06,,,Williams REBOUND (Off:0 Def:3),,,5.0,2590,Mo Williams,1610612739.0,Cleveland,Cavaliers,CLE,0,0,,,,,,0,0,,,,,
227,0021500160,259,1,45,3,8:57 PM,8:55,,,Smith 26' 3PT Jump Shot (15 PTS) (Williams 6 AST),70 - 57,-13,5.0,2747,J.R. Smith,1610612739.0,Cleveland,Cavaliers,CLE,5,2590,Mo Williams,1610612739.0,Cleveland,Cavaliers,CLE,0,0,,,,,
228,0021500160,260,1,1,3,8:57 PM,8:41,Ilyasova 25' 3PT Jump Shot (15 PTS) (Jackson 6 AST),,,70 - 60,-10,4.0,101141,Ersan Ilyasova,1610612765.0,Detroit,Pistons,DET,4,202704,Reggie Jackson,1610612765.0,Detroit,Pistons,DET,0,0,,,,,
229,0021500160,261,2,1,3,8:58 PM,8:19,,,MISS Love 11' Jump Shot,,,5.0,201567,Kevin Love,1610612739.0,Cleveland,Cavaliers,CLE,0,0,,,,,,0,0,,,,,
230,0021500160,262,4,0,3,8:58 PM,8:18,Jackson REBOUND (Off:0 Def:1),,,,,4.0,202704,Reggie Jackson,1610612765.0,Detroit,Pistons,DET,0,0,,,,,,0,0,,,,,
231,0021500160,263,2,1,3,8:58 PM,8:12,MISS Marc Morris 26' 3PT Jump Shot,,,,,4.0,202694,Marcus Morris,1610612765.0,Detroit,Pistons,DET,0,0,,,,,,0,0,,,,,
232,0021500160,264,4,0,3,8:58 PM,8:11,,,Williams REBOUND (Off:0 Def:4),,,5.0,2590,Mo Williams,1610612739.0,Cleveland,Cavaliers,CLE,0,0,,,,,,0,0,,,,,
233,0021500160,265,7,5,3,8:58 PM,8:05,Caldwell-Pope Violation:Kicked Ball (A.Smith),,,,,4.0,203484,Kentavious Caldwell-Pope,1610612765.0,Detroit,Pistons,DET,0,0,,,,,,1,0,,,,,
234,0021500160,266,2,1,3,8:58 PM,7:58,,,MISS Williams 25' 3PT Jump Shot,,,5.0,2590,Mo Williams,1610612739.0,Cleveland,Cavaliers,CLE,0,0,,,,,,0,0,,,,,
235,0021500160,267,4,0,3,8:58 PM,7:58,Drummond REBOUND (Off:3 Def:8),,,,,4.0,203083,Andre Drummond,1610612765.0,Detroit,Pistons,DET,0,0,,,,,,0,0,,,,,
236,0021500160,268,1,1,3,8:58 PM,7:50,Ilyasova 18' Jump Shot (17 PTS) (Jackson 7 AST),,,70 - 62,-8,4.0,101141,Ersan Ilyasova,1610612765.0,Detroit,Pistons,DET,4,202704,Reggie Jackson,1610612765.0,Detroit,Pistons,DET,0,0,,,,,
237,0021500160,269,9,1,3,8:58 PM,7:47,,,Cavaliers Timeout: Regular (Reg.3 Short 0),,,3.0,1610612739,,,,,,0,0,,,,,,0,0,,,,,
238,0021500160,270,2,63,3,9:01 PM,7:26,,,MISS James 16' Fadeaway Jumper,,,5.0,2544,LeBron James,1610612739.0,Cleveland,Cavaliers,CLE,0,0,,,,,,0,0,,,,,
239,0021500160,271,4,0,3,9:01 PM,7:26,Jackson REBOUND (Off:0 Def:2),,,,,4.0,202704,Reggie Jackson,1610612765.0,Detroit,Pistons,DET,0,0,,,,,,0,0,,,,,
240,0021500160,272,1,5,3,9:01 PM,7:20,Caldwell-Pope 1' Layup (11 PTS) (Jackson 8 AST),,,70 - 64,-6,4.0,203484,Kentavious Caldwell-Pope,1610612765.0,Detroit,Pistons,DET,4,202704,Reggie Jackson,1610612765.0,Detroit,Pistons,DET,0,0,,,,,
241,0021500160,273,1,1,3,9:02 PM,7:03,,,Williams 25' 3PT Jump Shot (11 PTS) (James 1 AST),73 - 64,-9,5.0,2590,Mo Williams,1610612739.0,Cleveland,Cavaliers,CLE,5,2544,LeBron James,1610612739.0,Cleveland,Cavaliers,CLE,0,0,,,,,
242,0021500160,274,5,1,3,9:02 PM,6:56,Jackson Bad Pass Turnover (P3.T9),,Smith STEAL (2 STL),,,4.0,202704,Reggie Jackson,1610612765.0,Detroit,Pistons,DET,5,2747,J.R. Smith,1610612739.0,Cleveland,Cavaliers,CLE,0,0,,,,,
243,0021500160,275,6,2,3,9:02 PM,6:54,Caldwell-Pope S.FOUL (P1.T2) (M.Smith),,,,,4.0,203484,Kentavious Caldwell-Pope,1610612765.0,Detroit,Pistons,DET,5,2747,J.R. Smith,1610612739.0,Cleveland,Cavaliers,CLE,1,0,,,,,
244,0021500160,276,3,11,3,9:02 PM,6:54,,,MISS Smith Free Throw 1 of 2,,,5.0,2747,J.R. Smith,1610612739.0,Cleveland,Cavaliers,CLE,0,0,,,,,,0,0,,,,,
245,0021500160,277,4,1,3,9:02 PM,6:54,,,Cavaliers Rebound,,,3.0,1610612739,,,,,,0,0,,,,,,0,0,,,,,
246,0021500160,278,3,12,3,9:03 PM,6:54,,,MISS Smith Free Throw 2 of 2,,,5.0,2747,J.R. Smith,1610612739.0,Cleveland,Cavaliers,CLE,0,0,,,,,,0,0,,,,,
247,0021500160,280,4,0,3,9:03 PM,6:52,Jackson REBOUND (Off:0 Def:3),,,,,4.0,202704,Reggie Jackson,1610612765.0,Detroit,Pistons,DET,0,0,,,,,,0,0,,,,,
248,0021500160,281,2,1,3,9:03 PM,6:31,MISS Caldwell-Pope 24' 3PT Jump Shot,,,,,4.0,203484,Kentavious Caldwell-Pope,1610612765.0,Detroit,Pistons,DET,0,0,,,,,,0,0,,,,,
249,0021500160,282,4,0,3,9:03 PM,6:30,,,Love REBOUND (Off:0 Def:6),,,5.0,201567,Kevin Love,1610612739.0,Cleveland,Cavaliers,CLE,0,0,,,,,,0,0,,,,,
250,0021500160,283,1,7,3,9:03 PM,6:24,,,Mozgov  Dunk (8 PTS) (Williams 7 AST),75 - 64,-11,5.0,202389,Timofey Mozgov,1610612739.0,Cleveland,Cavaliers,CLE,5,2590,Mo Williams,1610612739.0,Cleveland,Cavaliers,CLE,0,0,,,,,
251,0021500160,284,2,1,3,9:04 PM,6:01,MISS Drummond 3' Jump Shot,,,,,4.0,203083,Andre Drummond,1610612765.0,Detroit,Pistons,DET,0,0,,,,,,0,0,,,,,
252,0021500160,286,4,0,3,9:04 PM,6:01,Jackson REBOUND (Off:1 Def:3),,,,,4.0,202704,Reggie Jackson,1610612765.0,Detroit,Pistons,DET,0,0,,,,,,0,0,,,,,
253,0021500160,285,2,5,3,9:04 PM,6:01,MISS Jackson 1' Layup,,,,,4.0,202704,Reggie Jackson,1610612765.0,Detroit,Pistons,DET,0,0,,,,,,0,0,,,,,
254,0021500160,287,4,0,3,9:04 PM,6:00,,,James REBOUND (Off:0 Def:3),,,5.0,2544,LeBron James,1610612739.0,Cleveland,Cavaliers,CLE,0,0,,,,,,0,0,,,,,
255,0021500160,288,2,1,3,9:04 PM,5:52,,,MISS Love 4' Jump Shot,,,5.0,201567,Kevin Love,1610612739.0,Cleveland,Cavaliers,CLE,0,0,,,,,,0,0,,,,,
256,0021500160,289,4,0,3,9:04 PM,5:52,,,Mozgov REBOUND (Off:1 Def:4),,,5.0,202389,Timofey Mozgov,1610612739.0,Cleveland,Cavaliers,CLE,0,0,,,,,,0,0,,,,,
257,0021500160,290,2,1,3,9:04 PM,5:48,,,MISS Williams  3PT Jump Shot,,,5.0,2590,Mo Williams,1610612739.0,Cleveland,Cavaliers,CLE,0,0,,,,,,0,0,,,,,
258,0021500160,291,4,0,3,9:04 PM,5:47,Drummond REBOUND (Off:3 Def:9),,,,,4.0,203083,Andre Drummond,1610612765.0,Detroit,Pistons,DET,0,0,,,,,,0,0,,,,,
259,0021500160,292,1,42,3,9:04 PM,5:42,Marc Morris 1' Driving Layup (5 PTS),,,75 - 66,-9,4.0,202694,Marcus Morris,1610612765.0,Detroit,Pistons,DET,0,0,,,,,,0,0,,,,,
260,0021500160,293,6,2,3,9:04 PM,5:42,,,Love S.FOUL (P3.T1) (M.Smith),,,5.0,201567,Kevin Love,1610612739.0,Cleveland,Cavaliers,CLE,4,202694,Marcus Morris,1610612765.0,Detroit,Pistons,DET,1,0,,,,,
261,0021500160,294,8,0,3,9:04 PM,5:42,,,SUB: Jones FOR Love,,,5.0,201567,Kevin Love,1610612739.0,Cleveland,Cavaliers,CLE,5,2592,James Jones,1610612739.0,Cleveland,Cavaliers,CLE,0,0,,,,,
262,0021500160,295,3,10,3,9:05 PM,5:42,Marc Morris Free Throw 1 of 1 (6 PTS),,,75 - 67,-8,4.0,202694,Marcus Morris,1610612765.0,Detroit,Pistons,DET,0,0,,,,,,0,0,,,,,
263,0021500160,297,6,2,3,9:05 PM,5:32,Marc Morris S.FOUL (P2.T3) (M.Smith),,,,,4.0,202694,Marcus Morris,1610612765.0,Detroit,Pistons,DET,5,202389,Timofey Mozgov,1610612739.0,Cleveland,Cavaliers,CLE,1,0,,,,,
264,0021500160,298,3,11,3,9:05 PM,5:32,,,MISS Mozgov Free Throw 1 of 2,,,5.0,202389,Timofey Mozgov,1610612739.0,Cleveland,Cavaliers,CLE,0,0,,,,,,0,0,,,,,
265,0021500160,299,4,1,3,9:05 PM,5:32,,,Cavaliers Rebound,,,3.0,1610612739,,,,,,0,0,,,,,,0,0,,,,,
266,0021500160,300,3,12,3,9:05 PM,5:32,,,MISS Mozgov Free Throw 2 of 2,,,5.0,202389,Timofey Mozgov,1610612739.0,Cleveland,Cavaliers,CLE,0,0,,,,,,0,0,,,,,
267,0021500160,302,4,0,3,9:06 PM,5:31,PISTONS Rebound,,,,,2.0,1610612765,,,,,,0,0,,,,,,0,0,,,,,
268,0021500160,305,6,3,3,9:06 PM,5:31,,,Jones L.B.FOUL (P3.T2) (M.Smith),,,5.0,2592,James Jones,1610612739.0,Cleveland,Cavaliers,CLE,4,101141,Ersan Ilyasova,1610612765.0,Detroit,Pistons,DET,1,0,,,,,
269,0021500160,306,5,2,3,9:07 PM,5:05,Drummond Lost Ball Turnover (P3.T10),,Jones STEAL (1 STL),,,4.0,203083,Andre Drummond,1610612765.0,Detroit,Pistons,DET,5,2592,James Jones,1610612739.0,Cleveland,Cavaliers,CLE,0,0,,,,,
270,0021500160,307,1,73,3,9:07 PM,4:58,,,James 1' Driving Reverse Layup (25 PTS),77 - 67,-10,5.0,2544,LeBron James,1610612739.0,Cleveland,Cavaliers,CLE,0,0,,,,,,0,0,,,,,
271,0021500160,308,1,1,3,9:07 PM,4:48,Marc Morris 25' 3PT Jump Shot (9 PTS) (Jackson 9 AST),,,77 - 70,-7,4.0,202694,Marcus Morris,1610612765.0,Detroit,Pistons,DET,4,202704,Reggie Jackson,1610612765.0,Detroit,Pistons,DET,0,0,,,,,
272,0021500160,309,6,2,3,9:07 PM,4:48,,,James S.FOUL (P2.T3) (D.Jones),,,5.0,2544,LeBron James,1610612739.0,Cleveland,Cavaliers,CLE,4,202694,Marcus Morris,1610612765.0,Detroit,Pistons,DET,1,0,,,,,
273,0021500160,310,8,0,3,9:07 PM,4:48,,,SUB: Thompson FOR Mozgov,,,5.0,202389,Timofey Mozgov,1610612739.0,Cleveland,Cavaliers,CLE,5,202684,Tristan Thompson,1610612739.0,Cleveland,Cavaliers,CLE,0,0,,,,,
274,0021500160,311,3,10,3,9:07 PM,4:48,Marc Morris Free Throw 1 of 1 (10 PTS),,,77 - 71,-6,4.0,202694,Marcus Morris,1610612765.0,Detroit,Pistons,DET,0,0,,,,,,0,0,,,,,
275,0021500160,313,1,1,3,9:08 PM,4:32,,,Williams 24' 3PT Jump Shot (14 PTS) (Jones 1 AST),80 - 71,-9,5.0,2590,Mo Williams,1610612739.0,Cleveland,Cavaliers,CLE,5,2592,James Jones,1610612739.0,Cleveland,Cavaliers,CLE,0,0,,,,,
276,0021500160,314,2,1,3,9:08 PM,4:14,MISS Caldwell-Pope 25' 3PT Jump Shot,,,,,4.0,203484,Kentavious Caldwell-Pope,1610612765.0,Detroit,Pistons,DET,0,0,,,,,,0,0,,,,,
277,0021500160,315,4,0,3,9:08 PM,4:13,,,James REBOUND (Off:0 Def:4),,,5.0,2544,LeBron James,1610612739.0,Cleveland,Cavaliers,CLE,0,0,,,,,,0,0,,,,,
278,0021500160,316,6,1,3,9:08 PM,4:02,Marc Morris P.FOUL (P3.T4) (A.Smith),,,,,4.0,202694,Marcus Morris,1610612765.0,Detroit,Pistons,DET,5,2544,LeBron James,1610612739.0,Cleveland,Cavaliers,CLE,1,0,,,,,
279,0021500160,317,8,0,3,9:09 PM,4:02,,,SUB: Jefferson FOR James,,,5.0,2544,LeBron James,1610612739.0,Cleveland,Cavaliers,CLE,5,2210,Richard Jefferson,1610612739.0,Cleveland,Cavaliers,CLE,0,0,,,,,
280,0021500160,318,8,0,3,9:09 PM,4:02,SUB: Johnson FOR Marc Morris,,,,,4.0,202694,Marcus Morris,1610612765.0,Detroit,Pistons,DET,4,1626169,Stanley Johnson,1610612765.0,Detroit,Pistons,DET,0,0,,,,,
281,0021500160,319,8,0,3,9:09 PM,4:02,SUB: Tolliver FOR Ilyasova,,,,,4.0,101141,Ersan Ilyasova,1610612765.0,Detroit,Pistons,DET,4,201229,Anthony Tolliver,1610612765.0,Detroit,Pistons,DET,0,0,,,,,
282,0021500160,320,2,1,3,9:09 PM,3:55,,,MISS Thompson 12' Jump Shot,,,5.0,202684,Tristan Thompson,1610612739.0,Cleveland,Cavaliers,CLE,0,0,,,,,,0,0,,,,,
283,0021500160,321,4,0,3,9:09 PM,3:54,Johnson REBOUND (Off:0 Def:4),,,,,4.0,1626169,Stanley Johnson,1610612765.0,Detroit,Pistons,DET,0,0,,,,,,0,0,,,,,
284,0021500160,322,2,7,3,9:09 PM,3:45,MISS Drummond  Dunk,,,,,4.0,203083,Andre Drummond,1610612765.0,Detroit,Pistons,DET,0,0,,,,,,0,0,,,,,
285,0021500160,323,4,0,3,9:09 PM,3:44,Tolliver REBOUND (Off:1 Def:0),,,,,4.0,201229,Anthony Tolliver,1610612765.0,Detroit,Pistons,DET,0,0,,,,,,0,0,,,,,
286,0021500160,324,6,4,3,9:09 PM,3:41,Jackson OFF.Foul (P2) (M.Smith),,,,,4.0,202704,Reggie Jackson,1610612765.0,Detroit,Pistons,DET,5,2590,Mo Williams,1610612739.0,Cleveland,Cavaliers,CLE,1,0,,,,,
287,0021500160,325,5,5,3,9:09 PM,3:41,Jackson Foul Turnover (P4.T11),,,,,4.0,202704,Reggie Jackson,1610612765.0,Detroit,Pistons,DET,0,0,,,,,,0,0,,,,,
288,0021500160,326,18,0,3,9:10 PM,3:41,,,,,,,324,Anthony Peeler,,,,,0,0,,,,,,1,0,,,,,
289,0021500160,327,2,1,3,9:12 PM,3:19,,,MISS Williams 26' 3PT Jump Shot,,,5.0,2590,Mo Williams,1610612739.0,Cleveland,Cavaliers,CLE,0,0,,,,,,0,0,,,,,
290,0021500160,328,4,0,3,9:12 PM,3:18,Drummond REBOUND (Off:3 Def:10),,,,,4.0,203083,Andre Drummond,1610612765.0,Detroit,Pistons,DET,0,0,,,,,,0,0,,,,,
291,0021500160,329,2,1,3,9:12 PM,3:06,MISS Jackson 13' Jump Shot,,,,,4.0,202704,Reggie Jackson,1610612765.0,Detroit,Pistons,DET,0,0,,,,,,0,0,,,,,
292,0021500160,330,4,0,3,9:12 PM,3:06,,,Cavaliers Rebound,,,3.0,1610612739,,,,,,0,0,,,,,,0,0,,,,,
293,0021500160,331,2,1,3,9:12 PM,2:53,,,MISS Smith 10' Jump Shot,,,5.0,2747,J.R. Smith,1610612739.0,Cleveland,Cavaliers,CLE,0,0,,,,,,0,0,,,,,
294,0021500160,332,4,0,3,9:12 PM,2:53,Jackson REBOUND (Off:1 Def:4),,,,,4.0,202704,Reggie Jackson,1610612765.0,Detroit,Pistons,DET,0,0,,,,,,0,0,,,,,
295,0021500160,333,2,46,3,9:13 PM,2:41,MISS Johnson 6' Running Jump Shot,,,,,4.0,1626169,Stanley Johnson,1610612765.0,Detroit,Pistons,DET,0,0,,,,,,0,0,,,,,
296,0021500160,334,4,0,3,9:13 PM,2:41,,,Cavaliers Rebound,,,3.0,1610612739,,,,,,0,0,,,,,,0,0,,,,,
297,0021500160,335,8,0,3,9:13 PM,2:41,SUB: Dinwiddie FOR Jackson,,,,,4.0,202704,Reggie Jackson,1610612765.0,Detroit,Pistons,DET,4,203915,Spencer Dinwiddie,1610612765.0,Detroit,Pistons,DET,0,0,,,,,
298,0021500160,336,8,0,3,9:13 PM,2:41,,,SUB: Dellavedova FOR Williams,,,5.0,2590,Mo Williams,1610612739.0,Cleveland,Cavaliers,CLE,5,203521,Matthew Dellavedova,1610612739.0,Cleveland,Cavaliers,CLE,0,0,,,,,
299,0021500160,337,2,1,3,9:13 PM,2:20,,,MISS Dellavedova 5' Jump Shot,,,5.0,203521,Matthew Dellavedova,1610612739.0,Cleveland,Cavaliers,CLE,0,0,,,,,,0,0,,,,,
300,0021500160,338,4,0,3,9:13 PM,2:19,Dinwiddie REBOUND (Off:0 Def:1),,,,,4.0,203915,Spencer Dinwiddie,1610612765.0,Detroit,Pistons,DET,0,0,,,,,,0,0,,,,,
301,0021500160,339,5,1,3,9:13 PM,2:01,Johnson Bad Pass Turnover (P2.T12),,Jones STEAL (2 STL),,,4.0,1626169,Stanley Johnson,1610612765.0,Detroit,Pistons,DET,5,2592,James Jones,1610612739.0,Cleveland,Cavaliers,CLE,0,0,,,,,
302,0021500160,340,6,2,3,9:14 PM,1:53,Drummond S.FOUL (P1.PN) (D.Jones),,,,,4.0,203083,Andre Drummond,1610612765.0,Detroit,Pistons,DET,5,2592,James Jones,1610612739.0,Cleveland,Cavaliers,CLE,1,0,,,,,
303,0021500160,341,3,13,3,9:14 PM,1:53,,,MISS Jones Free Throw 1 of 3,,,5.0,2592,James Jones,1610612739.0,Cleveland,Cavaliers,CLE,0,0,,,,,,0,0,,,,,
304,0021500160,342,4,1,3,9:14 PM,1:53,,,Cavaliers Rebound,,,3.0,1610612739,,,,,,0,0,,,,,,0,0,,,,,
305,0021500160,343,3,14,3,9:14 PM,1:53,,,MISS Jones Free Throw 2 of 3,,,5.0,2592,James Jones,1610612739.0,Cleveland,Cavaliers,CLE,0,0,,,,,,0,0,,,,,
306,0021500160,344,4,1,3,9:14 PM,1:53,,,Cavaliers Rebound,,,3.0,1610612739,,,,,,0,0,,,,,,0,0,,,,,
307,0021500160,345,3,15,3,9:14 PM,1:53,,,Jones Free Throw 3 of 3 (4 PTS),81 - 71,-10,5.0,2592,James Jones,1610612739.0,Cleveland,Cavaliers,CLE,0,0,,,,,,0,0,,,,,
308,0021500160,347,6,2,3,9:15 PM,1:33,,,Thompson S.FOUL (P1.T4) (D.Jones),,,5.0,202684,Tristan Thompson,1610612739.0,Cleveland,Cavaliers,CLE,4,203915,Spencer Dinwiddie,1610612765.0,Detroit,Pistons,DET,1,0,,,,,
309,0021500160,348,3,11,3,9:15 PM,1:33,Dinwiddie Free Throw 1 of 2 (3 PTS),,,81 - 72,-9,4.0,203915,Spencer Dinwiddie,1610612765.0,Detroit,Pistons,DET,0,0,,,,,,0,0,,,,,
310,0021500160,350,3,12,3,9:15 PM,1:33,MISS Dinwiddie Free Throw 2 of 2,,,,,4.0,203915,Spencer Dinwiddie,1610612765.0,Detroit,Pistons,DET,0,0,,,,,,0,0,,,,,
311,0021500160,352,4,0,3,9:15 PM,1:32,,,Thompson REBOUND (Off:1 Def:4),,,5.0,202684,Tristan Thompson,1610612739.0,Cleveland,Cavaliers,CLE,0,0,,,,,,0,0,,,,,
312,0021500160,353,2,1,3,9:16 PM,1:10,,,MISS Jefferson 18' Jump Shot,,,5.0,2210,Richard Jefferson,1610612739.0,Cleveland,Cavaliers,CLE,0,0,,,,,,0,0,,,,,
313,0021500160,354,4,0,3,9:16 PM,1:09,Johnson REBOUND (Off:0 Def:5),,,,,4.0,1626169,Stanley Johnson,1610612765.0,Detroit,Pistons,DET,0,0,,,,,,0,0,,,,,
314,0021500160,355,6,2,3,9:16 PM,1:05,,,Jones S.FOUL (P4.PN) (M.Smith),,,5.0,2592,James Jones,1610612739.0,Cleveland,Cavaliers,CLE,4,203083,Andre Drummond,1610612765.0,Detroit,Pistons,DET,1,0,,,,,
315,0021500160,356,3,11,3,9:16 PM,1:05,Drummond Free Throw 1 of 2 (15 PTS),,,81 - 73,-8,4.0,203083,Andre Drummond,1610612765.0,Detroit,Pistons,DET,0,0,,,,,,0,0,,,,,
316,0021500160,358,8,0,3,9:16 PM,1:05,,,SUB: Williams FOR Smith,,,5.0,2747,J.R. Smith,1610612739.0,Cleveland,Cavaliers,CLE,5,2590,Mo Williams,1610612739.0,Cleveland,Cavaliers,CLE,0,0,,,,,
317,0021500160,359,3,12,3,9:16 PM,1:05,MISS Drummond Free Throw 2 of 2,,,,,4.0,203083,Andre Drummond,1610612765.0,Detroit,Pistons,DET,0,0,,,,,,0,0,,,,,
318,0021500160,361,4,0,3,9:17 PM,1:04,Tolliver REBOUND (Off:2 Def:0),,,,,4.0,201229,Anthony Tolliver,1610612765.0,Detroit,Pistons,DET,0,0,,,,,,0,0,,,,,
319,0021500160,362,2,1,3,9:17 PM,0:51,MISS Dinwiddie 17' Jump Shot,,,,,4.0,203915,Spencer Dinwiddie,1610612765.0,Detroit,Pistons,DET,0,0,,,,,,0,0,,,,,
320,0021500160,363,4,0,3,9:17 PM,0:50,Drummond REBOUND (Off:4 Def:10),,,,,4.0,203083,Andre Drummond,1610612765.0,Detroit,Pistons,DET,0,0,,,,,,0,0,,,,,
321,0021500160,364,2,1,3,9:17 PM,0:43,MISS Johnson 24' 3PT Jump Shot,,,,,4.0,1626169,Stanley Johnson,1610612765.0,Detroit,Pistons,DET,0,0,,,,,,0,0,,,,,
322,0021500160,365,4,0,3,9:17 PM,0:43,,,Jefferson REBOUND (Off:0 Def:1),,,5.0,2210,Richard Jefferson,1610612739.0,Cleveland,Cavaliers,CLE,0,0,,,,,,0,0,,,,,
323,0021500160,366,2,1,3,9:17 PM,0:34,,,MISS Williams 20' Jump Shot,,,5.0,2590,Mo Williams,1610612739.0,Cleveland,Cavaliers,CLE,0,0,,,,,,0,0,,,,,
324,0021500160,367,4,0,3,9:17 PM,0:33,Drummond REBOUND (Off:4 Def:11),,,,,4.0,203083,Andre Drummond,1610612765.0,Detroit,Pistons,DET,0,0,,,,,,0,0,,,,,
325,0021500160,368,1,5,3,9:17 PM,0:30,Caldwell-Pope 1' Layup (13 PTS) (Dinwiddie 1 AST),,,81 - 75,-6,4.0,203484,Kentavious Caldwell-Pope,1610612765.0,Detroit,Pistons,DET,4,203915,Spencer Dinwiddie,1610612765.0,Detroit,Pistons,DET,0,0,,,,,
326,0021500160,369,5,1,3,9:18 PM,0:09,Drummond STEAL (1 STL),,Williams Bad Pass Turnover (P2.T9),,,5.0,2590,Mo Williams,1610612739.0,Cleveland,Cavaliers,CLE,4,203083,Andre Drummond,1610612765.0,Detroit,Pistons,DET,0,0,,,,,
327,0021500160,370,2,66,3,9:18 PM,0:01,MISS Johnson 8' Jump Bank Shot,,,,,4.0,1626169,Stanley Johnson,1610612765.0,Detroit,Pistons,DET,0,0,,,,,,0,0,,,,,
328,0021500160,371,4,0,3,9:18 PM,0:00,PISTONS Rebound,,,,,2.0,1610612765,,,,,,0,0,,,,,,0,0,,,,,
329,0021500160,376,13,0,3,9:19 PM,0:00,,,,81 - 75,-6,0.0,0,,,,,,0,0,,,,,,0,0,,,,,
330,0021500160,378,12,0,4,9:21 PM,12:00,,,,81 - 75,-6,0.0,0,,,,,,0,0,,,,,,0,0,,,,,
331,0021500160,379,2,1,4,9:21 PM,11:49,MISS Marc Morris 17' Jump Shot,,,,,4.0,202694,Marcus Morris,1610612765.0,Detroit,Pistons,DET,0,0,,,,,,0,0,,,,,
332,0021500160,380,4,0,4,9:21 PM,11:46,,,Love REBOUND (Off:0 Def:7),,,5.0,201567,Kevin Love,1610612739.0,Cleveland,Cavaliers,CLE,0,0,,,,,,0,0,,,,,
333,0021500160,381,2,1,4,9:21 PM,11:31,,,MISS Jefferson 26' 3PT Jump Shot,,,5.0,2210,Richard Jefferson,1610612739.0,Cleveland,Cavaliers,CLE,0,0,,,,,,0,0,,,,,
334,0021500160,382,4,0,4,9:21 PM,11:31,Johnson REBOUND (Off:0 Def:6),,,,,4.0,1626169,Stanley Johnson,1610612765.0,Detroit,Pistons,DET,0,0,,,,,,0,0,,,,,
335,0021500160,383,2,5,4,9:21 PM,11:21,MISS Dinwiddie  Layup,,,,,4.0,203915,Spencer Dinwiddie,1610612765.0,Detroit,Pistons,DET,0,0,,,,,,0,0,,,,,
336,0021500160,384,4,0,4,9:21 PM,11:20,,,Thompson REBOUND (Off:1 Def:5),,,5.0,202684,Tristan Thompson,1610612739.0,Cleveland,Cavaliers,CLE,0,0,,,,,,0,0,,,,,
337,0021500160,385,1,67,4,9:22 PM,10:59,,,Love 8' Hook Bank Shot (13 PTS) (James 2 AST),83 - 75,-8,5.0,201567,Kevin Love,1610612739.0,Cleveland,Cavaliers,CLE,5,2544,LeBron James,1610612739.0,Cleveland,Cavaliers,CLE,0,0,,,,,
338,0021500160,386,2,66,4,9:22 PM,10:37,MISS Dinwiddie 9' Jump Bank Shot,,,,,4.0,203915,Spencer Dinwiddie,1610612765.0,Detroit,Pistons,DET,0,0,,,,,,0,0,,,,,
339,0021500160,387,4,0,4,9:22 PM,10:35,,,Thompson REBOUND (Off:1 Def:6),,,5.0,202684,Tristan Thompson,1610612739.0,Cleveland,Cavaliers,CLE,0,0,,,,,,0,0,,,,,
340,0021500160,391,2,1,4,9:23 PM,10:13,,,MISS James 25' 3PT Jump Shot,,,5.0,2544,LeBron James,1610612739.0,Cleveland,Cavaliers,CLE,0,0,,,,,,0,0,,,,,
341,0021500160,392,4,0,4,9:23 PM,10:12,Tolliver REBOUND (Off:2 Def:1),,,,,4.0,201229,Anthony Tolliver,1610612765.0,Detroit,Pistons,DET,0,0,,,,,,0,0,,,,,
342,0021500160,394,2,1,4,9:23 PM,9:59,MISS Marc Morris 25' 3PT Jump Shot,,,,,4.0,202694,Marcus Morris,1610612765.0,Detroit,Pistons,DET,0,0,,,,,,0,0,,,,,
343,0021500160,395,4,0,4,9:23 PM,9:59,,,Love REBOUND (Off:0 Def:8),,,5.0,201567,Kevin Love,1610612739.0,Cleveland,Cavaliers,CLE,0,0,,,,,,0,0,,,,,
344,0021500160,396,5,1,4,9:23 PM,9:57,Dinwiddie STEAL (1 STL),,Love Bad Pass Turnover (P3.T10),,,5.0,201567,Kevin Love,1610612739.0,Cleveland,Cavaliers,CLE,4,203915,Spencer Dinwiddie,1610612765.0,Detroit,Pistons,DET,0,0,,,,,
345,0021500160,397,6,1,4,9:23 PM,9:53,,,Love P.FOUL (P4.T1) (A.Smith),,,5.0,201567,Kevin Love,1610612739.0,Cleveland,Cavaliers,CLE,4,203915,Spencer Dinwiddie,1610612765.0,Detroit,Pistons,DET,1,0,,,,,
346,0021500160,399,2,1,4,9:24 PM,9:42,MISS Tolliver 27' 3PT Jump Shot,,,,,4.0,201229,Anthony Tolliver,1610612765.0,Detroit,Pistons,DET,0,0,,,,,,0,0,,,,,
347,0021500160,400,4,0,4,9:24 PM,9:41,,,Thompson REBOUND (Off:1 Def:7),,,5.0,202684,Tristan Thompson,1610612739.0,Cleveland,Cavaliers,CLE,0,0,,,,,,0,0,,,,,
348,0021500160,402,1,3,4,9:24 PM,9:24,,,Love 6' Hook Shot (15 PTS),85 - 75,-10,5.0,201567,Kevin Love,1610612739.0,Cleveland,Cavaliers,CLE,0,0,,,,,,0,0,,,,,
349,0021500160,404,1,42,4,9:25 PM,8:59,Johnson 1' Driving Layup (4 PTS),,,85 - 77,-8,4.0,1626169,Stanley Johnson,1610612765.0,Detroit,Pistons,DET,0,0,,,,,,0,0,,,,,
350,0021500160,405,1,42,4,9:25 PM,8:43,,,Dellavedova  Driving Layup (2 PTS),87 - 77,-10,5.0,203521,Matthew Dellavedova,1610612739.0,Cleveland,Cavaliers,CLE,0,0,,,,,,0,0,,,,,
351,0021500160,406,1,67,4,9:25 PM,8:22,Baynes 6' Hook Bank Shot (2 PTS) (Johnson 1 AST),,,87 - 79,-8,4.0,203382,Aron Baynes,1610612765.0,Detroit,Pistons,DET,4,1626169,Stanley Johnson,1610612765.0,Detroit,Pistons,DET,0,0,,,,,
352,0021500160,407,5,1,4,9:26 PM,8:00,Johnson STEAL (1 STL),,Jefferson Bad Pass Turnover (P1.T11),,,5.0,2210,Richard Jefferson,1610612739.0,Cleveland,Cavaliers,CLE,4,1626169,Stanley Johnson,1610612765.0,Detroit,Pistons,DET,0,0,,,,,
353,0021500160,408,6,1,4,9:26 PM,7:58,,,Dellavedova P.FOUL (P1.T2) (D.Jones),,,5.0,203521,Matthew Dellavedova,1610612739.0,Cleveland,Cavaliers,CLE,4,1626169,Stanley Johnson,1610612765.0,Detroit,Pistons,DET,1,0,,,,,
354,0021500160,410,9,4,4,9:26 PM,7:58,,,,,,1.0,0,,,,,,0,0,,,,,,0,0,,,,,
355,0021500160,412,18,0,4,9:26 PM,7:58,,,,,,,408,,,,,,0,0,,,,,,1,0,,,,,
356,0021500160,413,8,0,4,9:28 PM,7:58,SUB: Drummond FOR Dinwiddie,,,,,4.0,203915,Spencer Dinwiddie,1610612765.0,Detroit,Pistons,DET,4,203083,Andre Drummond,1610612765.0,Detroit,Pistons,DET,0,0,,,,,
357,0021500160,414,8,0,4,9:28 PM,7:58,SUB: Jackson FOR Baynes,,,,,4.0,203382,Aron Baynes,1610612765.0,Detroit,Pistons,DET,4,202704,Reggie Jackson,1610612765.0,Detroit,Pistons,DET,0,0,,,,,
358,0021500160,415,8,0,4,9:28 PM,7:58,,,SUB: Mozgov FOR Thompson,,,5.0,202684,Tristan Thompson,1610612739.0,Cleveland,Cavaliers,CLE,5,202389,Timofey Mozgov,1610612739.0,Cleveland,Cavaliers,CLE,0,0,,,,,
359,0021500160,416,8,0,4,9:28 PM,7:58,,,SUB: Smith FOR Jefferson,,,5.0,2210,Richard Jefferson,1610612739.0,Cleveland,Cavaliers,CLE,5,2747,J.R. Smith,1610612739.0,Cleveland,Cavaliers,CLE,0,0,,,,,
360,0021500160,417,2,1,4,9:29 PM,7:45,MISS Tolliver 25' 3PT Jump Shot,,,,,4.0,201229,Anthony Tolliver,1610612765.0,Detroit,Pistons,DET,0,0,,,,,,0,0,,,,,
361,0021500160,418,4,0,4,9:29 PM,7:44,,,Mozgov REBOUND (Off:1 Def:5),,,5.0,202389,Timofey Mozgov,1610612739.0,Cleveland,Cavaliers,CLE,0,0,,,,,,0,0,,,,,
362,0021500160,419,2,1,4,9:29 PM,7:29,,,MISS Love 26' 3PT Jump Shot,,,5.0,201567,Kevin Love,1610612739.0,Cleveland,Cavaliers,CLE,0,0,,,,,,0,0,,,,,
363,0021500160,420,4,0,4,9:29 PM,7:28,Drummond REBOUND (Off:4 Def:12),,,,,4.0,203083,Andre Drummond,1610612765.0,Detroit,Pistons,DET,0,0,,,,,,0,0,,,,,
364,0021500160,421,6,2,4,9:29 PM,7:21,,,Smith S.FOUL (P3.T3) (D.Jones),,,5.0,2747,J.R. Smith,1610612739.0,Cleveland,Cavaliers,CLE,4,202694,Marcus Morris,1610612765.0,Detroit,Pistons,DET,1,0,,,,,
365,0021500160,422,3,11,4,9:29 PM,7:21,Marc Morris Free Throw 1 of 2 (11 PTS),,,87 - 80,-7,4.0,202694,Marcus Morris,1610612765.0,Detroit,Pistons,DET,0,0,,,,,,0,0,,,,,
366,0021500160,424,8,0,4,9:30 PM,7:21,SUB: Ilyasova FOR Tolliver,,,,,4.0,201229,Anthony Tolliver,1610612765.0,Detroit,Pistons,DET,4,101141,Ersan Ilyasova,1610612765.0,Detroit,Pistons,DET,0,0,,,,,
367,0021500160,425,8,0,4,9:30 PM,7:21,SUB: Caldwell-Pope FOR Johnson,,,,,4.0,1626169,Stanley Johnson,1610612765.0,Detroit,Pistons,DET,4,203484,Kentavious Caldwell-Pope,1610612765.0,Detroit,Pistons,DET,0,0,,,,,
368,0021500160,426,3,12,4,9:30 PM,7:21,Marc Morris Free Throw 2 of 2 (12 PTS),,,87 - 81,-6,4.0,202694,Marcus Morris,1610612765.0,Detroit,Pistons,DET,0,0,,,,,,0,0,,,,,
369,0021500160,428,1,1,4,9:30 PM,6:59,,,James 13' Jump Shot (27 PTS),89 - 81,-8,5.0,2544,LeBron James,1610612739.0,Cleveland,Cavaliers,CLE,0,0,,,,,,0,0,,,,,
370,0021500160,429,1,52,4,9:31 PM,6:48,Drummond  Alley Oop Dunk (17 PTS) (Jackson 10 AST),,,89 - 83,-6,4.0,203083,Andre Drummond,1610612765.0,Detroit,Pistons,DET,4,202704,Reggie Jackson,1610612765.0,Detroit,Pistons,DET,0,0,,,,,
371,0021500160,430,2,1,4,9:31 PM,6:22,,,MISS Dellavedova 25' 3PT Jump Shot,,,5.0,203521,Matthew Dellavedova,1610612739.0,Cleveland,Cavaliers,CLE,0,0,,,,,,0,0,,,,,
372,0021500160,431,4,0,4,9:31 PM,6:21,Ilyasova REBOUND (Off:1 Def:3),,,,,4.0,101141,Ersan Ilyasova,1610612765.0,Detroit,Pistons,DET,0,0,,,,,,0,0,,,,,
373,0021500160,432,1,1,4,9:31 PM,6:11,Marc Morris 18' Jump Shot (14 PTS) (Jackson 11 AST),,,89 - 85,-4,4.0,202694,Marcus Morris,1610612765.0,Detroit,Pistons,DET,4,202704,Reggie Jackson,1610612765.0,Detroit,Pistons,DET,0,0,,,,,
374,0021500160,433,6,1,4,9:32 PM,6:01,Marc Morris P.FOUL (P4.T1) (M.Smith),,,,,4.0,202694,Marcus Morris,1610612765.0,Detroit,Pistons,DET,5,2544,LeBron James,1610612739.0,Cleveland,Cavaliers,CLE,1,0,,,,,
375,0021500160,434,2,1,4,9:32 PM,5:46,,,MISS James 13' Jump Shot,,,5.0,2544,LeBron James,1610612739.0,Cleveland,Cavaliers,CLE,0,0,,,,,,0,0,,,,,
376,0021500160,435,4,0,4,9:32 PM,5:45,Drummond REBOUND (Off:4 Def:13),,,,,4.0,203083,Andre Drummond,1610612765.0,Detroit,Pistons,DET,0,0,,,,,,0,0,,,,,
377,0021500160,436,1,1,4,9:32 PM,5:26,Ilyasova 26' 3PT Jump Shot (20 PTS) (Caldwell-Pope 1 AST),,,89 - 88,-1,4.0,101141,Ersan Ilyasova,1610612765.0,Detroit,Pistons,DET,4,203484,Kentavious Caldwell-Pope,1610612765.0,Detroit,Pistons,DET,0,0,,,,,
378,0021500160,437,9,1,4,9:33 PM,5:26,,,Cavaliers Timeout: Regular (Reg.4 Short 0),,,3.0,1610612739,,,,,,0,0,,,,,,0,0,,,,,
379,0021500160,439,8,0,4,9:35 PM,5:26,,,SUB: Williams FOR Dellavedova,,,5.0,203521,Matthew Dellavedova,1610612739.0,Cleveland,Cavaliers,CLE,5,2590,Mo Williams,1610612739.0,Cleveland,Cavaliers,CLE,0,0,,,,,
380,0021500160,440,1,5,4,9:35 PM,5:10,,,Mozgov 1' Layup (10 PTS) (James 3 AST),91 - 88,-3,5.0,202389,Timofey Mozgov,1610612739.0,Cleveland,Cavaliers,CLE,5,2544,LeBron James,1610612739.0,Cleveland,Cavaliers,CLE,0,0,,,,,
381,0021500160,441,2,5,4,9:35 PM,4:55,MISS Jackson 1' Layup,,,,,4.0,202704,Reggie Jackson,1610612765.0,Detroit,Pistons,DET,0,0,,,,,,0,0,,,,,
382,0021500160,442,4,0,4,9:35 PM,4:55,,,Williams REBOUND (Off:0 Def:5),,,5.0,2590,Mo Williams,1610612739.0,Cleveland,Cavaliers,CLE,0,0,,,,,,0,0,,,,,
383,0021500160,443,6,2,4,9:36 PM,4:54,Ilyasova S.FOUL (P2.T2) (M.Smith),,,,,4.0,101141,Ersan Ilyasova,1610612765.0,Detroit,Pistons,DET,5,2544,LeBron James,1610612739.0,Cleveland,Cavaliers,CLE,1,0,,,,,
384,0021500160,444,3,11,4,9:36 PM,4:54,,,James Free Throw 1 of 2 (28 PTS),92 - 88,-4,5.0,2544,LeBron James,1610612739.0,Cleveland,Cavaliers,CLE,0,0,,,,,,0,0,,,,,
385,0021500160,446,3,12,4,9:36 PM,4:54,,,MISS James Free Throw 2 of 2,,,5.0,2544,LeBron James,1610612739.0,Cleveland,Cavaliers,CLE,0,0,,,,,,0,0,,,,,
386,0021500160,448,4,0,4,9:37 PM,4:53,Ilyasova REBOUND (Off:1 Def:4),,,,,4.0,101141,Ersan Ilyasova,1610612765.0,Detroit,Pistons,DET,0,0,,,,,,0,0,,,,,
387,0021500160,449,2,5,4,9:37 PM,4:38,MISS Jackson 1' Layup,,,,,4.0,202704,Reggie Jackson,1610612765.0,Detroit,Pistons,DET,0,0,,,,,,0,0,,,,,
388,0021500160,450,4,0,4,9:37 PM,4:37,Drummond REBOUND (Off:5 Def:13),,,,,4.0,203083,Andre Drummond,1610612765.0,Detroit,Pistons,DET,0,0,,,,,,0,0,,,,,
389,0021500160,451,1,87,4,9:37 PM,4:35,Drummond  Putback Dunk (19 PTS),,,92 - 90,-2,4.0,203083,Andre Drummond,1610612765.0,Detroit,Pistons,DET,0,0,,,,,,0,0,,,,,
390,0021500160,452,6,2,4,9:37 PM,4:20,Jackson S.FOUL (P3.T3) (D.Jones),,,,,4.0,202704,Reggie Jackson,1610612765.0,Detroit,Pistons,DET,5,2590,Mo Williams,1610612739.0,Cleveland,Cavaliers,CLE,1,0,,,,,
391,0021500160,453,3,11,4,9:37 PM,4:20,,,MISS Williams Free Throw 1 of 2,,,5.0,2590,Mo Williams,1610612739.0,Cleveland,Cavaliers,CLE,0,0,,,,,,0,0,,,,,
392,0021500160,454,4,1,4,9:37 PM,4:20,,,Cavaliers Rebound,,,3.0,1610612739,,,,,,0,0,,,,,,0,0,,,,,
393,0021500160,455,3,12,4,9:38 PM,4:20,,,Williams Free Throw 2 of 2 (15 PTS),93 - 90,-3,5.0,2590,Mo Williams,1610612739.0,Cleveland,Cavaliers,CLE,0,0,,,,,,0,0,,,,,
394,0021500160,457,2,1,4,9:38 PM,4:06,MISS Ilyasova 26' 3PT Jump Shot,,,,,4.0,101141,Ersan Ilyasova,1610612765.0,Detroit,Pistons,DET,0,0,,,,,,0,0,,,,,
395,0021500160,458,4,0,4,9:38 PM,4:05,,,James REBOUND (Off:0 Def:5),,,5.0,2544,LeBron James,1610612739.0,Cleveland,Cavaliers,CLE,0,0,,,,,,0,0,,,,,
396,0021500160,459,1,63,4,9:39 PM,3:49,,,Love 11' Fadeaway Jumper (17 PTS),95 - 90,-5,5.0,201567,Kevin Love,1610612739.0,Cleveland,Cavaliers,CLE,0,0,,,,,,0,0,,,,,
397,0021500160,460,6,1,4,9:39 PM,3:43,,,Williams P.FOUL (P2.T4) (M.Smith),,,5.0,2590,Mo Williams,1610612739.0,Cleveland,Cavaliers,CLE,4,202704,Reggie Jackson,1610612765.0,Detroit,Pistons,DET,1,0,,,,,
398,0021500160,461,1,52,4,9:39 PM,3:37,Drummond  Alley Oop Dunk (21 PTS) (Jackson 12 AST),,,95 - 92,-3,4.0,203083,Andre Drummond,1610612765.0,Detroit,Pistons,DET,4,202704,Reggie Jackson,1610612765.0,Detroit,Pistons,DET,0,0,,,,,
399,0021500160,462,6,2,4,9:39 PM,3:37,,,James S.FOUL (P3.PN) (D.Jones),,,5.0,2544,LeBron James,1610612739.0,Cleveland,Cavaliers,CLE,4,203083,Andre Drummond,1610612765.0,Detroit,Pistons,DET,1,0,,,,,
400,0021500160,463,3,10,4,9:40 PM,3:37,Drummond Free Throw 1 of 1 (22 PTS),,,95 - 93,-2,4.0,203083,Andre Drummond,1610612765.0,Detroit,Pistons,DET,0,0,,,,,,0,0,,,,,
401,0021500160,465,2,1,4,9:40 PM,3:24,,,MISS Love 27' 3PT Jump Shot,,,5.0,201567,Kevin Love,1610612739.0,Cleveland,Cavaliers,CLE,0,0,,,,,,0,0,,,,,
402,0021500160,466,4,0,4,9:40 PM,3:24,PISTONS Rebound,,,,,2.0,1610612765,,,,,,0,0,,,,,,0,0,,,,,
403,0021500160,467,2,1,4,9:40 PM,3:13,MISS Jackson 8' Jump Shot,,,,,4.0,202704,Reggie Jackson,1610612765.0,Detroit,Pistons,DET,0,0,,,,,,0,0,,,,,
404,0021500160,468,4,0,4,9:40 PM,3:13,,,James REBOUND (Off:0 Def:6),,,5.0,2544,LeBron James,1610612739.0,Cleveland,Cavaliers,CLE,0,0,,,,,,0,0,,,,,
405,0021500160,469,6,2,4,9:41 PM,3:01,Marc Morris S.FOUL (P5.T4) (M.Smith),,,,,4.0,202694,Marcus Morris,1610612765.0,Detroit,Pistons,DET,5,201567,Kevin Love,1610612739.0,Cleveland,Cavaliers,CLE,1,0,,,,,
406,0021500160,470,3,11,4,9:41 PM,3:01,,,Love Free Throw 1 of 2 (18 PTS),96 - 93,-3,5.0,201567,Kevin Love,1610612739.0,Cleveland,Cavaliers,CLE,0,0,,,,,,0,0,,,,,
407,0021500160,472,3,12,4,9:41 PM,3:01,,,Love Free Throw 2 of 2 (19 PTS),97 - 93,-4,5.0,201567,Kevin Love,1610612739.0,Cleveland,Cavaliers,CLE,0,0,,,,,,0,0,,,,,
408,0021500160,474,6,28,4,9:41 PM,2:58,,,Smith Personal Take Foul (P4.PN) (A.Smith),,,5.0,2747,J.R. Smith,1610612739.0,Cleveland,Cavaliers,CLE,4,203083,Andre Drummond,1610612765.0,Detroit,Pistons,DET,1,0,,,,,
409,0021500160,475,9,1,4,9:42 PM,2:58,PISTONS Timeout: Regular (Full 4 Short 0),,,,,2.0,1610612765,,,,,,0,0,,,,,,0,0,,,,,
410,0021500160,477,3,11,4,9:44 PM,2:58,Drummond Free Throw 1 of 2 (23 PTS),,,97 - 94,-3,4.0,203083,Andre Drummond,1610612765.0,Detroit,Pistons,DET,0,0,,,,,,0,0,,,,,
411,0021500160,479,3,12,4,9:44 PM,2:58,Drummond Free Throw 2 of 2 (24 PTS),,,97 - 95,-2,4.0,203083,Andre Drummond,1610612765.0,Detroit,Pistons,DET,0,0,,,,,,0,0,,,,,
412,0021500160,481,5,2,4,9:45 PM,2:45,Drummond STEAL (2 STL),,Love Lost Ball Turnover (P4.T12),,,5.0,201567,Kevin Love,1610612739.0,Cleveland,Cavaliers,CLE,4,203083,Andre Drummond,1610612765.0,Detroit,Pistons,DET,0,0,,,,,
413,0021500160,482,1,1,4,9:45 PM,2:29,Jackson 14' Jump Shot (17 PTS),,,97 - 97,TIE,4.0,202704,Reggie Jackson,1610612765.0,Detroit,Pistons,DET,0,0,,,,,,0,0,,,,,
414,0021500160,483,2,1,4,9:45 PM,2:09,,,MISS Williams 27' 3PT Jump Shot,,,5.0,2590,Mo Williams,1610612739.0,Cleveland,Cavaliers,CLE,0,0,,,,,,0,0,,,,,
415,0021500160,484,4,0,4,9:45 PM,2:09,Marc Morris REBOUND (Off:0 Def:4),,,,,4.0,202694,Marcus Morris,1610612765.0,Detroit,Pistons,DET,0,0,,,,,,0,0,,,,,
416,0021500160,485,6,28,4,9:45 PM,2:07,,,Mozgov Personal Take Foul (P2.PN) (M.Smith),,,5.0,202389,Timofey Mozgov,1610612739.0,Cleveland,Cavaliers,CLE,4,203083,Andre Drummond,1610612765.0,Detroit,Pistons,DET,1,0,,,,,
417,0021500160,486,3,11,4,9:46 PM,2:07,Drummond Free Throw 1 of 2 (25 PTS),,,97 - 98,1,4.0,203083,Andre Drummond,1610612765.0,Detroit,Pistons,DET,0,0,,,,,,0,0,,,,,
418,0021500160,488,3,12,4,9:46 PM,2:07,MISS Drummond Free Throw 2 of 2,,,,,4.0,203083,Andre Drummond,1610612765.0,Detroit,Pistons,DET,0,0,,,,,,0,0,,,,,
419,0021500160,490,4,0,4,9:46 PM,2:06,,,Love REBOUND (Off:0 Def:9),,,5.0,201567,Kevin Love,1610612739.0,Cleveland,Cavaliers,CLE,0,0,,,,,,0,0,,,,,
420,0021500160,491,2,1,4,9:46 PM,1:44,,,MISS Love  3PT Jump Shot,,,5.0,201567,Kevin Love,1610612739.0,Cleveland,Cavaliers,CLE,0,0,,,,,,0,0,,,,,
421,0021500160,492,4,0,4,9:46 PM,1:43,Caldwell-Pope REBOUND (Off:1 Def:1),,,,,4.0,203484,Kentavious Caldwell-Pope,1610612765.0,Detroit,Pistons,DET,0,0,,,,,,0,0,,,,,
422,0021500160,493,5,40,4,9:47 PM,1:29,Jackson Out of Bounds Lost Ball Turnover (P5.T13),,,,,4.0,202704,Reggie Jackson,1610612765.0,Detroit,Pistons,DET,0,0,,,,,,1,0,,,,,
423,0021500160,494,2,1,4,9:47 PM,1:08,,,MISS James 5' Jump Shot,,,5.0,2544,LeBron James,1610612739.0,Cleveland,Cavaliers,CLE,0,0,,,,,,0,0,,,,,
424,0021500160,495,4,0,4,9:47 PM,1:08,,,Smith REBOUND (Off:1 Def:0),,,5.0,2747,J.R. Smith,1610612739.0,Cleveland,Cavaliers,CLE,0,0,,,,,,0,0,,,,,
425,0021500160,496,9,1,4,9:47 PM,1:07,,,Cavaliers Timeout: Regular (Reg.5 Short 0),,,3.0,1610612739,,,,,,0,0,,,,,,0,0,,,,,
426,0021500160,497,5,13,4,9:50 PM,0:48,,,James Backcourt Turnover (P3.T13),,,5.0,2544,LeBron James,1610612739.0,Cleveland,Cavaliers,CLE,0,0,,,,,,1,0,,,,,
427,0021500160,498,8,0,4,9:50 PM,0:48,,,SUB: Thompson FOR Love,,,5.0,201567,Kevin Love,1610612739.0,Cleveland,Cavaliers,CLE,5,202684,Tristan Thompson,1610612739.0,Cleveland,Cavaliers,CLE,0,0,,,,,
428,0021500160,499,8,0,4,9:50 PM,0:48,,,SUB: Dellavedova FOR Williams,,,5.0,2590,Mo Williams,1610612739.0,Cleveland,Cavaliers,CLE,5,203521,Matthew Dellavedova,1610612739.0,Cleveland,Cavaliers,CLE,0,0,,,,,
429,0021500160,500,2,78,4,9:51 PM,0:36,MISS Jackson 6' Floating Jump Shot,,,,,4.0,202704,Reggie Jackson,1610612765.0,Detroit,Pistons,DET,0,0,,,,,,0,0,,,,,
430,0021500160,501,4,0,4,9:51 PM,0:35,,,Thompson REBOUND (Off:1 Def:8),,,5.0,202684,Tristan Thompson,1610612739.0,Cleveland,Cavaliers,CLE,0,0,,,,,,0,0,,,,,
431,0021500160,502,2,1,4,9:51 PM,0:23,,,MISS Mozgov 12' Jump Shot,,,5.0,202389,Timofey Mozgov,1610612739.0,Cleveland,Cavaliers,CLE,0,0,,,,,,0,0,,,,,
432,0021500160,503,4,0,4,9:51 PM,0:22,Ilyasova REBOUND (Off:1 Def:5),,,,,4.0,101141,Ersan Ilyasova,1610612765.0,Detroit,Pistons,DET,0,0,,,,,,0,0,,,,,
433,0021500160,504,9,1,4,9:51 PM,0:21,PISTONS Timeout: Regular (Full 5 Short 0),,,,,2.0,1610612765,,,,,,0,0,,,,,,0,0,,,,,
434,0021500160,506,6,1,4,9:53 PM,0:21,,,Dellavedova P.FOUL (P2.PN) (A.Smith),,,5.0,203521,Matthew Dellavedova,1610612739.0,Cleveland,Cavaliers,CLE,4,202704,Reggie Jackson,1610612765.0,Detroit,Pistons,DET,1,0,,,,,
435,0021500160,507,18,0,4,9:54 PM,0:21,,,,,,,506,,,,,,0,0,,,,,,1,0,,,,,
436,0021500160,508,3,11,4,9:55 PM,0:21,Jackson Free Throw 1 of 2 (18 PTS),,,97 - 99,2,4.0,202704,Reggie Jackson,1610612765.0,Detroit,Pistons,DET,0,0,,,,,,0,0,,,,,
437,0021500160,510,8,0,4,9:56 PM,0:21,,,SUB: Love FOR Mozgov,,,5.0,202389,Timofey Mozgov,1610612739.0,Cleveland,Cavaliers,CLE,5,201567,Kevin Love,1610612739.0,Cleveland,Cavaliers,CLE,0,0,,,,,
438,0021500160,511,3,12,4,9:56 PM,0:21,Jackson Free Throw 2 of 2 (19 PTS),,,97 - 100,3,4.0,202704,Reggie Jackson,1610612765.0,Detroit,Pistons,DET,0,0,,,,,,0,0,,,,,
439,0021500160,513,9,2,4,9:56 PM,0:21,,,Cavaliers Timeout: Short (Reg.5 Short 1),,,3.0,1610612739,,,,,,0,0,,,,,,0,0,,,,,
440,0021500160,514,8,0,4,9:57 PM,0:21,,,SUB: Williams FOR Dellavedova,,,5.0,203521,Matthew Dellavedova,1610612739.0,Cleveland,Cavaliers,CLE,5,2590,Mo Williams,1610612739.0,Cleveland,Cavaliers,CLE,0,0,,,,,
441,0021500160,515,1,42,4,9:58 PM,0:15,,,James  Driving Layup (30 PTS),99 - 100,1,5.0,2544,LeBron James,1610612739.0,Cleveland,Cavaliers,CLE,0,0,,,,,,0,0,,,,,
442,0021500160,516,6,1,4,9:58 PM,0:13,,,Williams P.FOUL (P3.PN) (D.Jones),,,5.0,2590,Mo Williams,1610612739.0,Cleveland,Cavaliers,CLE,4,202704,Reggie Jackson,1610612765.0,Detroit,Pistons,DET,1,0,,,,,
443,0021500160,517,3,11,4,9:58 PM,0:13,Jackson Free Throw 1 of 2 (20 PTS),,,99 - 101,2,4.0,202704,Reggie Jackson,1610612765.0,Detroit,Pistons,DET,0,0,,,,,,0,0,,,,,
444,0021500160,519,3,12,4,9:59 PM,0:13,Jackson Free Throw 2 of 2 (21 PTS),,,99 - 102,3,4.0,202704,Reggie Jackson,1610612765.0,Detroit,Pistons,DET,0,0,,,,,,0,0,,,,,
445,0021500160,521,9,2,4,9:59 PM,0:13,,,Cavaliers Timeout: Short (Reg.5 Short 2),,,3.0,1610612739,,,,,,0,0,,,,,,0,0,,,,,
446,0021500160,523,2,1,4,10:00 PM,0:09,,,MISS Smith 27' 3PT Jump Shot,,,5.0,2747,J.R. Smith,1610612739.0,Cleveland,Cavaliers,CLE,0,0,,,,,,0,0,,,,,
447,0021500160,524,4,0,4,10:00 PM,0:09,Jackson REBOUND (Off:1 Def:5),,,,,4.0,202704,Reggie Jackson,1610612765.0,Detroit,Pistons,DET,0,0,,,,,,0,0,,,,,
448,0021500160,525,6,1,4,10:00 PM,0:09,,,Smith P.FOUL (P5.PN) (D.Jones),,,5.0,2747,J.R. Smith,1610612739.0,Cleveland,Cavaliers,CLE,4,202704,Reggie Jackson,1610612765.0,Detroit,Pistons,DET,1,0,,,,,
449,0021500160,526,3,11,4,10:01 PM,0:09,Jackson Free Throw 1 of 2 (22 PTS),,,99 - 103,4,4.0,202704,Reggie Jackson,1610612765.0,Detroit,Pistons,DET,0,0,,,,,,0,0,,,,,
450,0021500160,528,3,12,4,10:01 PM,0:09,Jackson Free Throw 2 of 2 (23 PTS),,,99 - 104,5,4.0,202704,Reggie Jackson,1610612765.0,Detroit,Pistons,DET,0,0,,,,,,0,0,,,,,
451,0021500160,530,2,1,4,10:01 PM,0:05,,,MISS Williams 27' 3PT Jump Shot,,,5.0,2590,Mo Williams,1610612739.0,Cleveland,Cavaliers,CLE,0,0,,,,,,0,0,,,,,
452,0021500160,531,4,0,4,10:01 PM,0:05,,,Cavaliers Rebound,,,3.0,1610612739,,,,,,0,0,,,,,,0,0,,,,,
453,0021500160,532,18,0,4,10:02 PM,0:05,,,,,,,530,,,,,,0,0,,,,,,1,0,,,,,
454,0021500160,534,5,1,4,10:03 PM,0:04,Drummond STEAL (3 STL),,James Bad Pass Turnover (P4.T14),,,5.0,2544,LeBron James,1610612739.0,Cleveland,Cavaliers,CLE,4,203083,Andre Drummond,1610612765.0,Detroit,Pistons,DET,0,0,,,,,
455,0021500160,535,13,0,4,10:03 PM,0:00,,,,99 - 104,5,0.0,0,,,,,,0,0,,,,,,0,0,,,,,
