,GAME_ID,EVENTNUM,EVENTMSGTYPE,EVENTMSGACTIONTYPE,PERIOD,WCTIMESTRING,PCTIMESTRING,HOMEDESCRIPTION,NEUTRALDESCRIPTION,VISITORDESCRIPTION,SCORE,SCOREMARGIN,PERSON1TYPE,PLAYER1_ID,PLAYER1_NAME,PLAYER1_TEAM_ID,PLAYER1_TEAM_CITY,PLAYER1_TEAM_NICKNAME,PLAYER1_TEAM_ABBREVIATION,PERSON2TYPE,PLAYER2_ID,PLAYER2_NAME,PLAYER2_TEAM_ID,PLAYER2_TEAM_CITY,PLAYER2_TEAM_NICKNAME,PLAYER2_TEAM_ABBREVIATION,PERSON3TYPE,PLAYER3_ID,PLAYER3_NAME,PLAYER3_TEAM_ID,PLAYER3_TEAM_CITY,PLAYER3_TEAM_NICKNAME,PLAYER3_TEAM_ABBREVIATION
0,0021501073,0,12,0,1,7:11 PM,12:00,,,,,,0.0,0,,,,,,0,0,,,,,,0,0,,,,,
1,0021501073,1,10,0,1,7:11 PM,12:00,Jump Ball Gortat vs. Towns: Tip to Rubio,,,,,4.0,101162,Marcin Gortat,1610612764.0,Washington,Wizards,WAS,5,1626157,Karl-Anthony Towns,1610612750.0,Minnesota,Timberwolves,MIN,5,201937,Ricky Rubio,1610612750.0,Minnesota,Timberwolves,MIN
2,0021501073,2,2,5,1,7:11 PM,11:37,,,MISS Wiggins 2' Layup,,,5.0,203952,Andrew Wiggins,1610612750.0,Minnesota,Timberwolves,MIN,0,0,,,,,,0,0,,,,,
3,0021501073,3,4,0,1,7:11 PM,11:36,Porter Jr. REBOUND (Off:0 Def:1),,,,,4.0,203490,Otto Porter,1610612764.0,Washington,Wizards,WAS,0,0,,,,,,0,0,,,,,
4,0021501073,4,1,79,1,7:11 PM,11:29,Mark Morris 15' Pullup Jump Shot (2 PTS) (Wall 1 AST),,,0 - 2,2,4.0,202693,Markieff Morris,1610612764.0,Washington,Wizards,WAS,4,202322,John Wall,1610612764.0,Washington,Wizards,WAS,0,0,,,,,
5,0021501073,5,1,80,1,7:12 PM,11:08,,,Towns 18' Step Back Jump Shot (2 PTS),2 - 2,TIE,5.0,1626157,Karl-Anthony Towns,1610612750.0,Minnesota,Timberwolves,MIN,0,0,,,,,,0,0,,,,,
6,0021501073,6,5,1,1,7:12 PM,10:57,Wall Bad Pass Turnover (P1.T1),,Rubio STEAL (1 STL),,,4.0,202322,John Wall,1610612764.0,Washington,Wizards,WAS,5,201937,Ricky Rubio,1610612750.0,Minnesota,Timberwolves,MIN,0,0,,,,,
7,0021501073,7,2,5,1,7:12 PM,10:52,,,MISS Rubio 1' Layup,,,5.0,201937,Ricky Rubio,1610612750.0,Minnesota,Timberwolves,MIN,0,0,,,,,,0,0,,,,,
8,0021501073,8,4,0,1,7:12 PM,10:51,WIZARDS Rebound,,,,,2.0,1610612764,,,,,,0,0,,,,,,0,0,,,,,
9,0021501073,9,2,1,1,7:13 PM,10:27,MISS Wall 27' 3PT Jump Shot,,,,,4.0,202322,John Wall,1610612764.0,Washington,Wizards,WAS,0,0,,,,,,0,0,,,,,
10,0021501073,10,4,0,1,7:13 PM,10:26,,,Rubio REBOUND (Off:0 Def:1),,,5.0,201937,Ricky Rubio,1610612750.0,Minnesota,Timberwolves,MIN,0,0,,,,,,0,0,,,,,
11,0021501073,11,5,1,1,7:13 PM,10:23,Gortat STEAL (1 STL),,Rubio Bad Pass Turnover (P1.T1),,,5.0,201937,Ricky Rubio,1610612750.0,Minnesota,Timberwolves,MIN,4,101162,Marcin Gortat,1610612764.0,Washington,Wizards,WAS,0,0,,,,,
12,0021501073,12,1,1,1,7:13 PM,10:15,Porter Jr. 16' Jump Shot (2 PTS) (Beal 1 AST),,,2 - 4,2,4.0,203490,Otto Porter,1610612764.0,Washington,Wizards,WAS,4,203078,Bradley Beal,1610612764.0,Washington,Wizards,WAS,0,0,,,,,
13,0021501073,13,1,5,1,7:13 PM,10:03,,,Dieng 1' Layup (2 PTS),4 - 4,TIE,5.0,203476,Gorgui Dieng,1610612750.0,Minnesota,Timberwolves,MIN,0,0,,,,,,0,0,,,,,
14,0021501073,15,1,51,1,7:13 PM,9:48,Gortat  Reverse Dunk (2 PTS) (Wall 2 AST),,,4 - 6,2,4.0,101162,Marcin Gortat,1610612764.0,Washington,Wizards,WAS,4,202322,John Wall,1610612764.0,Washington,Wizards,WAS,0,0,,,,,
15,0021501073,17,1,57,1,7:14 PM,9:29,,,Towns 16' Driving Hook Shot (4 PTS),6 - 6,TIE,5.0,1626157,Karl-Anthony Towns,1610612750.0,Minnesota,Timberwolves,MIN,0,0,,,,,,0,0,,,,,
16,0021501073,18,2,1,1,7:14 PM,9:18,MISS Beal 26' 3PT Jump Shot,,,,,4.0,203078,Bradley Beal,1610612764.0,Washington,Wizards,WAS,0,0,,,,,,0,0,,,,,
17,0021501073,19,4,0,1,7:14 PM,9:17,,,Dieng REBOUND (Off:0 Def:1),,,5.0,203476,Gorgui Dieng,1610612750.0,Minnesota,Timberwolves,MIN,0,0,,,,,,0,0,,,,,
18,0021501073,20,2,1,1,7:14 PM,9:04,,,MISS Rubio 17' Jump Shot,,,5.0,201937,Ricky Rubio,1610612750.0,Minnesota,Timberwolves,MIN,0,0,,,,,,0,0,,,,,
19,0021501073,21,4,0,1,7:14 PM,9:03,Mark Morris REBOUND (Off:0 Def:1),,,,,4.0,202693,Markieff Morris,1610612764.0,Washington,Wizards,WAS,0,0,,,,,,0,0,,,,,
20,0021501073,22,2,1,1,7:14 PM,8:54,MISS Porter Jr. 14' Jump Shot,,,,,4.0,203490,Otto Porter,1610612764.0,Washington,Wizards,WAS,0,0,,,,,,0,0,,,,,
21,0021501073,23,4,0,1,7:14 PM,8:53,,,Rubio REBOUND (Off:0 Def:2),,,5.0,201937,Ricky Rubio,1610612750.0,Minnesota,Timberwolves,MIN,0,0,,,,,,0,0,,,,,
22,0021501073,24,2,1,1,7:15 PM,8:43,,,MISS LaVine 25' 3PT Jump Shot,,,5.0,203897,Zach LaVine,1610612750.0,Minnesota,Timberwolves,MIN,0,0,,,,,,0,0,,,,,
23,0021501073,25,4,0,1,7:15 PM,8:42,Gortat REBOUND (Off:0 Def:1),,,,,4.0,101162,Marcin Gortat,1610612764.0,Washington,Wizards,WAS,0,0,,,,,,0,0,,,,,
24,0021501073,26,5,1,1,7:15 PM,8:39,Gortat Bad Pass Turnover (P1.T2),,Rubio STEAL (2 STL),,,4.0,101162,Marcin Gortat,1610612764.0,Washington,Wizards,WAS,5,201937,Ricky Rubio,1610612750.0,Minnesota,Timberwolves,MIN,0,0,,,,,
25,0021501073,27,1,1,1,7:15 PM,8:31,,,Rubio 25' 3PT Jump Shot (3 PTS),9 - 6,-3,5.0,201937,Ricky Rubio,1610612750.0,Minnesota,Timberwolves,MIN,0,0,,,,,,0,0,,,,,
26,0021501073,28,6,4,1,7:15 PM,8:25,Gortat OFF.Foul (P1) (J.Tiven),,,,,4.0,101162,Marcin Gortat,1610612764.0,Washington,Wizards,WAS,5,201937,Ricky Rubio,1610612750.0,Minnesota,Timberwolves,MIN,1,0,,,,,
27,0021501073,29,5,5,1,7:15 PM,8:25,Gortat Foul Turnover (P2.T3),,,,,4.0,101162,Marcin Gortat,1610612764.0,Washington,Wizards,WAS,0,0,,,,,,1,0,,,,,
28,0021501073,30,2,5,1,7:15 PM,8:14,,,MISS Rubio 1' Layup,,,5.0,201937,Ricky Rubio,1610612750.0,Minnesota,Timberwolves,MIN,0,0,,,,,,0,0,,,,,
29,0021501073,31,4,0,1,7:15 PM,8:13,Gortat REBOUND (Off:0 Def:2),,,,,4.0,101162,Marcin Gortat,1610612764.0,Washington,Wizards,WAS,0,0,,,,,,0,0,,,,,
30,0021501073,32,1,1,1,7:15 PM,8:07,Porter Jr. 24' 3PT Jump Shot (5 PTS) (Wall 3 AST),,,9 - 9,TIE,4.0,203490,Otto Porter,1610612764.0,Washington,Wizards,WAS,4,202322,John Wall,1610612764.0,Washington,Wizards,WAS,0,0,,,,,
31,0021501073,33,2,1,1,7:16 PM,7:47,,,MISS Rubio 27' 3PT Jump Shot,,,5.0,201937,Ricky Rubio,1610612750.0,Minnesota,Timberwolves,MIN,0,0,,,,,,0,0,,,,,
32,0021501073,34,4,0,1,7:16 PM,7:46,Gortat REBOUND (Off:0 Def:3),,,,,4.0,101162,Marcin Gortat,1610612764.0,Washington,Wizards,WAS,0,0,,,,,,0,0,,,,,
33,0021501073,35,2,1,1,7:16 PM,7:27,MISS Mark Morris 8' Jump Shot,,,,,4.0,202693,Markieff Morris,1610612764.0,Washington,Wizards,WAS,0,0,,,,,,0,0,,,,,
34,0021501073,36,4,0,1,7:16 PM,7:26,,,Dieng REBOUND (Off:0 Def:2),,,5.0,203476,Gorgui Dieng,1610612750.0,Minnesota,Timberwolves,MIN,0,0,,,,,,0,0,,,,,
35,0021501073,37,2,1,1,7:16 PM,7:15,,,MISS LaVine 25' 3PT Jump Shot,,,5.0,203897,Zach LaVine,1610612750.0,Minnesota,Timberwolves,MIN,0,0,,,,,,0,0,,,,,
36,0021501073,38,4,0,1,7:16 PM,7:14,Gortat REBOUND (Off:0 Def:4),,,,,4.0,101162,Marcin Gortat,1610612764.0,Washington,Wizards,WAS,0,0,,,,,,0,0,,,,,
37,0021501073,39,5,1,1,7:16 PM,7:09,Wall Bad Pass Turnover (P2.T4),,,,,4.0,202322,John Wall,1610612764.0,Washington,Wizards,WAS,0,0,,,,,,1,0,,,,,
38,0021501073,41,1,1,1,7:17 PM,6:57,,,Towns 20' Jump Shot (6 PTS),11 - 9,-2,5.0,1626157,Karl-Anthony Towns,1610612750.0,Minnesota,Timberwolves,MIN,0,0,,,,,,0,0,,,,,
39,0021501073,42,2,1,1,7:17 PM,6:35,MISS Porter Jr. 20' Jump Shot,,,,,4.0,203490,Otto Porter,1610612764.0,Washington,Wizards,WAS,0,0,,,,,,0,0,,,,,
40,0021501073,43,4,0,1,7:17 PM,6:34,Gortat REBOUND (Off:1 Def:4),,,,,4.0,101162,Marcin Gortat,1610612764.0,Washington,Wizards,WAS,0,0,,,,,,0,0,,,,,
41,0021501073,44,1,72,1,7:17 PM,6:32,Gortat 1' Putback Layup (4 PTS),,,11 - 11,TIE,4.0,101162,Marcin Gortat,1610612764.0,Washington,Wizards,WAS,0,0,,,,,,0,0,,,,,
42,0021501073,45,1,79,1,7:17 PM,6:16,,,LaVine 20' Pullup Jump Shot (2 PTS) (Rubio 1 AST),13 - 11,-2,5.0,203897,Zach LaVine,1610612750.0,Minnesota,Timberwolves,MIN,5,201937,Ricky Rubio,1610612750.0,Minnesota,Timberwolves,MIN,0,0,,,,,
43,0021501073,46,6,17,1,7:18 PM,6:02,,,Timberwolves T.Foul (Def. 3 Sec Towns ) (J.Tiven),,,5.0,1626157,Karl-Anthony Towns,1610612750.0,Minnesota,Timberwolves,MIN,0,0,,,,,,1,0,,,,,
44,0021501073,47,3,16,1,7:18 PM,6:02,Beal Free Throw Technical (1 PTS),,,13 - 12,-1,4.0,203078,Bradley Beal,1610612764.0,Washington,Wizards,WAS,0,0,,,,,,0,0,,,,,
45,0021501073,49,2,1,1,7:18 PM,5:53,MISS Wall 18' Jump Shot,,,,,4.0,202322,John Wall,1610612764.0,Washington,Wizards,WAS,0,0,,,,,,0,0,,,,,
46,0021501073,50,4,0,1,7:18 PM,5:52,,,Timberwolves Rebound,,,3.0,1610612750,,,,,,0,0,,,,,,0,0,,,,,
47,0021501073,51,9,1,1,7:19 PM,5:51,WIZARDS Timeout: Regular (Full 1 Short 0),,,,,2.0,1610612764,,,,,,0,0,,,,,,0,0,,,,,
48,0021501073,53,2,1,1,7:21 PM,5:37,,,MISS Wiggins 26' 3PT Jump Shot,,,5.0,203952,Andrew Wiggins,1610612750.0,Minnesota,Timberwolves,MIN,0,0,,,,,,0,0,,,,,
49,0021501073,54,4,0,1,7:21 PM,5:36,Mark Morris REBOUND (Off:0 Def:2),,,,,4.0,202693,Markieff Morris,1610612764.0,Washington,Wizards,WAS,0,0,,,,,,0,0,,,,,
50,0021501073,55,5,1,1,7:22 PM,5:21,Mark Morris Bad Pass Turnover (P1.T5),,LaVine STEAL (1 STL),,,4.0,202693,Markieff Morris,1610612764.0,Washington,Wizards,WAS,5,203897,Zach LaVine,1610612750.0,Minnesota,Timberwolves,MIN,0,0,,,,,
51,0021501073,56,1,1,1,7:22 PM,5:07,,,Dieng 18' Jump Shot (4 PTS) (Towns 1 AST),15 - 12,-3,5.0,203476,Gorgui Dieng,1610612750.0,Minnesota,Timberwolves,MIN,5,1626157,Karl-Anthony Towns,1610612750.0,Minnesota,Timberwolves,MIN,0,0,,,,,
52,0021501073,57,2,1,1,7:22 PM,4:53,MISS Beal 19' Jump Shot,,,,,4.0,203078,Bradley Beal,1610612764.0,Washington,Wizards,WAS,0,0,,,,,,0,0,,,,,
53,0021501073,58,4,0,1,7:22 PM,4:51,,,Towns REBOUND (Off:0 Def:1),,,5.0,1626157,Karl-Anthony Towns,1610612750.0,Minnesota,Timberwolves,MIN,0,0,,,,,,0,0,,,,,
54,0021501073,59,1,1,1,7:22 PM,4:31,,,Towns 22' Jump Shot (8 PTS) (LaVine 1 AST),17 - 12,-5,5.0,1626157,Karl-Anthony Towns,1610612750.0,Minnesota,Timberwolves,MIN,5,203897,Zach LaVine,1610612750.0,Minnesota,Timberwolves,MIN,0,0,,,,,
55,0021501073,60,6,2,1,7:23 PM,4:14,,,Towns S.FOUL (P1.T1) (J.VanDuyne),,,5.0,1626157,Karl-Anthony Towns,1610612750.0,Minnesota,Timberwolves,MIN,4,202693,Markieff Morris,1610612764.0,Washington,Wizards,WAS,1,0,,,,,
56,0021501073,61,3,11,1,7:23 PM,4:14,Mark Morris Free Throw 1 of 2 (3 PTS),,,17 - 13,-4,4.0,202693,Markieff Morris,1610612764.0,Washington,Wizards,WAS,0,0,,,,,,0,0,,,,,
57,0021501073,63,8,0,1,7:23 PM,4:14,SUB: Thornton FOR Beal,,,,,4.0,203078,Bradley Beal,1610612764.0,Washington,Wizards,WAS,4,201977,Marcus Thornton,1610612764.0,Washington,Wizards,WAS,0,0,,,,,
58,0021501073,64,3,12,1,7:23 PM,4:14,Mark Morris Free Throw 2 of 2 (4 PTS),,,17 - 14,-3,4.0,202693,Markieff Morris,1610612764.0,Washington,Wizards,WAS,0,0,,,,,,0,0,,,,,
59,0021501073,67,2,1,1,7:24 PM,3:54,,,MISS Towns 15' Jump Shot,,,5.0,1626157,Karl-Anthony Towns,1610612750.0,Minnesota,Timberwolves,MIN,0,0,,,,,,0,0,,,,,
60,0021501073,68,4,0,1,7:24 PM,3:53,Mark Morris REBOUND (Off:0 Def:3),,,,,4.0,202693,Markieff Morris,1610612764.0,Washington,Wizards,WAS,0,0,,,,,,0,0,,,,,
61,0021501073,69,1,1,1,7:24 PM,3:43,Mark Morris 25' 3PT Jump Shot (7 PTS) (Wall 4 AST),,,17 - 17,TIE,4.0,202693,Markieff Morris,1610612764.0,Washington,Wizards,WAS,4,202322,John Wall,1610612764.0,Washington,Wizards,WAS,0,0,,,,,
62,0021501073,70,1,5,1,7:24 PM,3:26,,,Dieng 1' Layup (6 PTS) (Towns 2 AST),19 - 17,-2,5.0,203476,Gorgui Dieng,1610612750.0,Minnesota,Timberwolves,MIN,5,1626157,Karl-Anthony Towns,1610612750.0,Minnesota,Timberwolves,MIN,0,0,,,,,
63,0021501073,71,2,1,1,7:25 PM,3:08,MISS Porter Jr.  3PT Jump Shot,,,,,4.0,203490,Otto Porter,1610612764.0,Washington,Wizards,WAS,0,0,,,,,,0,0,,,,,
64,0021501073,72,4,0,1,7:25 PM,3:07,,,Dieng REBOUND (Off:0 Def:3),,,5.0,203476,Gorgui Dieng,1610612750.0,Minnesota,Timberwolves,MIN,0,0,,,,,,0,0,,,,,
65,0021501073,73,1,79,1,7:25 PM,3:01,,,LaVine 19' Pullup Jump Shot (4 PTS) (Dieng 1 AST),21 - 17,-4,5.0,203897,Zach LaVine,1610612750.0,Minnesota,Timberwolves,MIN,5,203476,Gorgui Dieng,1610612750.0,Minnesota,Timberwolves,MIN,0,0,,,,,
66,0021501073,74,2,1,1,7:25 PM,2:48,MISS Thornton 27' 3PT Jump Shot,,,,,4.0,201977,Marcus Thornton,1610612764.0,Washington,Wizards,WAS,0,0,,,,,,0,0,,,,,
67,0021501073,75,4,0,1,7:25 PM,2:47,Wall REBOUND (Off:1 Def:0),,,,,4.0,202322,John Wall,1610612764.0,Washington,Wizards,WAS,0,0,,,,,,0,0,,,,,
68,0021501073,76,2,1,1,7:25 PM,2:41,MISS Wall 22' Jump Shot,,,,,4.0,202322,John Wall,1610612764.0,Washington,Wizards,WAS,0,0,,,,,,0,0,,,,,
69,0021501073,77,4,0,1,7:25 PM,2:40,,,Towns REBOUND (Off:0 Def:2),,,5.0,1626157,Karl-Anthony Towns,1610612750.0,Minnesota,Timberwolves,MIN,0,0,,,,,,0,0,,,,,
70,0021501073,78,2,1,1,7:25 PM,2:34,,,MISS LaVine 13' Jump Shot,,,5.0,203897,Zach LaVine,1610612750.0,Minnesota,Timberwolves,MIN,0,0,,,,,,0,0,,,,,
71,0021501073,79,4,0,1,7:25 PM,2:33,Wall REBOUND (Off:1 Def:1),,,,,4.0,202322,John Wall,1610612764.0,Washington,Wizards,WAS,0,0,,,,,,0,0,,,,,
72,0021501073,80,2,5,1,7:25 PM,2:28,MISS Mark Morris  Layup,,,,,4.0,202693,Markieff Morris,1610612764.0,Washington,Wizards,WAS,0,0,,,,,,0,0,,,,,
73,0021501073,81,4,0,1,7:25 PM,2:28,Porter Jr. REBOUND (Off:1 Def:1),,,,,4.0,203490,Otto Porter,1610612764.0,Washington,Wizards,WAS,0,0,,,,,,0,0,,,,,
74,0021501073,82,1,72,1,7:25 PM,2:27,Porter Jr. 2' Putback Layup (7 PTS),,,21 - 19,-2,4.0,203490,Otto Porter,1610612764.0,Washington,Wizards,WAS,0,0,,,,,,0,0,,,,,
75,0021501073,83,9,1,1,7:26 PM,2:16,,,Timberwolves Timeout: Regular (Reg.1 Short 0),,,3.0,1610612750,,,,,,0,0,,,,,,0,0,,,,,
76,0021501073,85,8,0,1,7:27 PM,2:16,SUB: Nene FOR Gortat,,,,,4.0,101162,Marcin Gortat,1610612764.0,Washington,Wizards,WAS,4,2403,Nene,1610612764.0,Washington,Wizards,WAS,0,0,,,,,
77,0021501073,87,8,0,1,7:28 PM,2:16,,,SUB: Jones FOR Wiggins,,,5.0,203952,Andrew Wiggins,1610612750.0,Minnesota,Timberwolves,MIN,5,1626145,Tyus Jones,1610612750.0,Minnesota,Timberwolves,MIN,0,0,,,,,
78,0021501073,88,8,0,1,7:28 PM,2:16,,,SUB: Muhammad FOR Dieng,,,5.0,203476,Gorgui Dieng,1610612750.0,Minnesota,Timberwolves,MIN,5,203498,Shabazz Muhammad,1610612750.0,Minnesota,Timberwolves,MIN,0,0,,,,,
79,0021501073,89,8,0,1,7:28 PM,2:16,,,SUB: Bjelica FOR Rubio,,,5.0,201937,Ricky Rubio,1610612750.0,Minnesota,Timberwolves,MIN,5,202357,Nemanja Bjelica,1610612750.0,Minnesota,Timberwolves,MIN,0,0,,,,,
80,0021501073,90,8,0,1,7:28 PM,2:16,SUB: Dudley FOR Mark Morris,,,,,4.0,202693,Markieff Morris,1610612764.0,Washington,Wizards,WAS,4,201162,Jared Dudley,1610612764.0,Washington,Wizards,WAS,0,0,,,,,
81,0021501073,91,5,40,1,7:28 PM,2:06,,,Towns Out of Bounds Lost Ball Turnover (P1.T2),,,5.0,1626157,Karl-Anthony Towns,1610612750.0,Minnesota,Timberwolves,MIN,0,0,,,,,,1,0,,,,,
82,0021501073,92,1,1,1,7:29 PM,1:47,Dudley 17' Jump Shot (2 PTS) (Nene 1 AST),,,21 - 21,TIE,4.0,201162,Jared Dudley,1610612764.0,Washington,Wizards,WAS,4,2403,Nene,1610612764.0,Washington,Wizards,WAS,0,0,,,,,
83,0021501073,93,1,42,1,7:29 PM,1:34,,,Jones 1' Driving Layup (2 PTS),23 - 21,-2,5.0,1626145,Tyus Jones,1610612750.0,Minnesota,Timberwolves,MIN,0,0,,,,,,0,0,,,,,
84,0021501073,94,1,1,1,7:29 PM,1:19,Dudley 24' 3PT Jump Shot (5 PTS) (Thornton 1 AST),,,23 - 24,1,4.0,201162,Jared Dudley,1610612764.0,Washington,Wizards,WAS,4,201977,Marcus Thornton,1610612764.0,Washington,Wizards,WAS,0,0,,,,,
85,0021501073,95,1,79,1,7:29 PM,1:05,,,Jones 18' Pullup Jump Shot (4 PTS),25 - 24,-1,5.0,1626145,Tyus Jones,1610612750.0,Minnesota,Timberwolves,MIN,0,0,,,,,,0,0,,,,,
86,0021501073,96,1,1,1,7:30 PM,0:51,Dudley 25' 3PT Jump Shot (8 PTS) (Wall 5 AST),,,25 - 27,2,4.0,201162,Jared Dudley,1610612764.0,Washington,Wizards,WAS,4,202322,John Wall,1610612764.0,Washington,Wizards,WAS,0,0,,,,,
87,0021501073,97,2,5,1,7:30 PM,0:38,,,MISS Towns 1' Layup,,,5.0,1626157,Karl-Anthony Towns,1610612750.0,Minnesota,Timberwolves,MIN,0,0,,,,,,0,0,,,,,
88,0021501073,98,4,0,1,7:30 PM,0:37,,,Towns REBOUND (Off:1 Def:2),,,5.0,1626157,Karl-Anthony Towns,1610612750.0,Minnesota,Timberwolves,MIN,0,0,,,,,,0,0,,,,,
89,0021501073,99,1,1,1,7:30 PM,0:35,,,Towns 3' Jump Shot (10 PTS),27 - 27,TIE,5.0,1626157,Karl-Anthony Towns,1610612750.0,Minnesota,Timberwolves,MIN,0,0,,,,,,0,0,,,,,
90,0021501073,102,8,0,1,7:31 PM,0:25,,,SUB: Prince FOR LaVine,,,5.0,203897,Zach LaVine,1610612750.0,Minnesota,Timberwolves,MIN,5,2419,Tayshaun Prince,1610612750.0,Minnesota,Timberwolves,MIN,0,0,,,,,
91,0021501073,103,8,0,1,7:31 PM,0:25,,,SUB: Smith FOR Towns,,,5.0,1626157,Karl-Anthony Towns,1610612750.0,Minnesota,Timberwolves,MIN,5,202962,Greg Smith,1610612750.0,Minnesota,Timberwolves,MIN,0,0,,,,,
92,0021501073,104,6,2,1,7:31 PM,0:17,,,Smith S.FOUL (P1.T2) (M.Callahan),,,5.0,202962,Greg Smith,1610612750.0,Minnesota,Timberwolves,MIN,4,202322,John Wall,1610612764.0,Washington,Wizards,WAS,1,0,,,,,
93,0021501073,105,3,11,1,7:31 PM,0:17,Wall Free Throw 1 of 2 (1 PTS),,,27 - 28,1,4.0,202322,John Wall,1610612764.0,Washington,Wizards,WAS,0,0,,,,,,0,0,,,,,
94,0021501073,107,8,0,1,7:31 PM,0:17,SUB: Temple FOR Porter Jr.,,,,,4.0,203490,Otto Porter,1610612764.0,Washington,Wizards,WAS,4,202066,Garrett Temple,1610612764.0,Washington,Wizards,WAS,0,0,,,,,
95,0021501073,108,3,12,1,7:31 PM,0:17,Wall Free Throw 2 of 2 (2 PTS),,,27 - 29,2,4.0,202322,John Wall,1610612764.0,Washington,Wizards,WAS,0,0,,,,,,0,0,,,,,
96,0021501073,110,6,28,1,7:32 PM,0:06,Temple Personal Take Foul (P1.T1) (J.VanDuyne),,,,,4.0,202066,Garrett Temple,1610612764.0,Washington,Wizards,WAS,5,1626145,Tyus Jones,1610612750.0,Minnesota,Timberwolves,MIN,1,0,,,,,
97,0021501073,111,5,1,1,7:32 PM,0:01,Thornton STEAL (1 STL),,Muhammad Bad Pass Turnover (P1.T3),,,5.0,203498,Shabazz Muhammad,1610612750.0,Minnesota,Timberwolves,MIN,4,201977,Marcus Thornton,1610612764.0,Washington,Wizards,WAS,0,0,,,,,
98,0021501073,113,18,0,1,7:33 PM,0:00,,,,,,,112,Dontonio Wingfield,,,,,0,0,,,,,,1,0,,,,,
99,0021501073,114,13,0,1,7:33 PM,0:00,,,,27 - 29,2,0.0,0,,,,,,0,0,,,,,,0,0,,,,,
100,0021501073,116,12,0,2,7:36 PM,12:00,,,,27 - 29,2,0.0,0,,,,,,0,0,,,,,,0,0,,,,,
101,0021501073,117,6,2,2,7:36 PM,11:45,,,Jones S.FOUL (P1.T1) (J.VanDuyne),,,5.0,1626145,Tyus Jones,1610612750.0,Minnesota,Timberwolves,MIN,4,201977,Marcus Thornton,1610612764.0,Washington,Wizards,WAS,1,0,,,,,
102,0021501073,118,3,11,2,7:36 PM,11:45,MISS Thornton Free Throw 1 of 2,,,,,4.0,201977,Marcus Thornton,1610612764.0,Washington,Wizards,WAS,0,0,,,,,,0,0,,,,,
103,0021501073,119,4,1,2,7:36 PM,11:45,WIZARDS Rebound,,,,,2.0,1610612764,,,,,,0,0,,,,,,0,0,,,,,
104,0021501073,120,3,12,2,7:36 PM,11:45,Thornton Free Throw 2 of 2 (1 PTS),,,27 - 30,3,4.0,201977,Marcus Thornton,1610612764.0,Washington,Wizards,WAS,0,0,,,,,,0,0,,,,,
105,0021501073,123,2,1,2,7:37 PM,11:22,,,MISS Bjelica 26' 3PT Jump Shot,,,5.0,202357,Nemanja Bjelica,1610612750.0,Minnesota,Timberwolves,MIN,0,0,,,,,,0,0,,,,,
106,0021501073,124,4,0,2,7:37 PM,11:20,WIZARDS Rebound,,,,,2.0,1610612764,,,,,,0,0,,,,,,0,0,,,,,
107,0021501073,125,6,3,2,7:37 PM,11:20,,,Smith L.B.FOUL (P2.T2) (J.VanDuyne),,,5.0,202962,Greg Smith,1610612750.0,Minnesota,Timberwolves,MIN,4,2403,Nene,1610612764.0,Washington,Wizards,WAS,1,0,,,,,
108,0021501073,127,1,80,2,7:38 PM,11:00,Nene 18' Step Back Jump Shot (2 PTS),,,27 - 32,5,4.0,2403,Nene,1610612764.0,Washington,Wizards,WAS,0,0,,,,,,0,0,,,,,
109,0021501073,128,6,2,2,7:38 PM,10:48,Sessions S.FOUL (P1.T1) (M.Callahan),,,,,4.0,201196,Ramon Sessions,1610612764.0,Washington,Wizards,WAS,5,1626145,Tyus Jones,1610612750.0,Minnesota,Timberwolves,MIN,1,0,,,,,
110,0021501073,129,3,11,2,7:39 PM,10:48,,,Jones Free Throw 1 of 2 (5 PTS),28 - 32,4,5.0,1626145,Tyus Jones,1610612750.0,Minnesota,Timberwolves,MIN,0,0,,,,,,0,0,,,,,
111,0021501073,131,3,12,2,7:39 PM,10:48,,,Jones Free Throw 2 of 2 (6 PTS),29 - 32,3,5.0,1626145,Tyus Jones,1610612750.0,Minnesota,Timberwolves,MIN,0,0,,,,,,0,0,,,,,
112,0021501073,133,2,1,2,7:39 PM,10:33,MISS Sessions 8' Jump Shot,,,,,4.0,201196,Ramon Sessions,1610612764.0,Washington,Wizards,WAS,0,0,,,,,,0,0,,,,,
113,0021501073,134,4,0,2,7:39 PM,10:32,,,Bjelica REBOUND (Off:0 Def:1),,,5.0,202357,Nemanja Bjelica,1610612750.0,Minnesota,Timberwolves,MIN,0,0,,,,,,0,0,,,,,
114,0021501073,135,2,5,2,7:39 PM,10:23,,,MISS Smith 3' Layup,,,5.0,202962,Greg Smith,1610612750.0,Minnesota,Timberwolves,MIN,0,0,,,,,,0,0,,,,,
115,0021501073,136,4,0,2,7:39 PM,10:22,Temple REBOUND (Off:0 Def:1),,,,,4.0,202066,Garrett Temple,1610612764.0,Washington,Wizards,WAS,0,0,,,,,,0,0,,,,,
116,0021501073,137,2,5,2,7:40 PM,10:14,MISS Sessions 1' Layup,,,,,4.0,201196,Ramon Sessions,1610612764.0,Washington,Wizards,WAS,0,0,,,,,,0,0,,,,,
117,0021501073,138,4,0,2,7:40 PM,10:13,,,Bjelica REBOUND (Off:0 Def:2),,,5.0,202357,Nemanja Bjelica,1610612750.0,Minnesota,Timberwolves,MIN,0,0,,,,,,0,0,,,,,
118,0021501073,139,1,43,2,7:40 PM,10:09,,,Muhammad 2' Alley Oop Layup (2 PTS) (Jones 1 AST),31 - 32,1,5.0,203498,Shabazz Muhammad,1610612750.0,Minnesota,Timberwolves,MIN,5,1626145,Tyus Jones,1610612750.0,Minnesota,Timberwolves,MIN,0,0,,,,,
119,0021501073,140,1,49,2,7:40 PM,9:58,Nene  Driving Dunk (4 PTS) (Sessions 1 AST),,,31 - 34,3,4.0,2403,Nene,1610612764.0,Washington,Wizards,WAS,4,201196,Ramon Sessions,1610612764.0,Washington,Wizards,WAS,0,0,,,,,
120,0021501073,141,1,82,2,7:40 PM,9:45,,,Bjelica 5' Driving Bank Shot (2 PTS) (Jones 2 AST),33 - 34,1,5.0,202357,Nemanja Bjelica,1610612750.0,Minnesota,Timberwolves,MIN,5,1626145,Tyus Jones,1610612750.0,Minnesota,Timberwolves,MIN,0,0,,,,,
121,0021501073,142,5,2,2,7:40 PM,9:33,Sessions Lost Ball Turnover (P1.T6),,Jones STEAL (1 STL),,,4.0,201196,Ramon Sessions,1610612764.0,Washington,Wizards,WAS,5,1626145,Tyus Jones,1610612750.0,Minnesota,Timberwolves,MIN,0,0,,,,,
122,0021501073,143,6,28,2,7:40 PM,9:33,Nene Personal Take Foul (P1.T2) (J.Tiven),,,,,4.0,2403,Nene,1610612764.0,Washington,Wizards,WAS,5,1626145,Tyus Jones,1610612750.0,Minnesota,Timberwolves,MIN,1,0,,,,,
123,0021501073,144,8,0,2,7:40 PM,9:33,SUB: Beal FOR Thornton,,,,,4.0,201977,Marcus Thornton,1610612764.0,Washington,Wizards,WAS,4,203078,Bradley Beal,1610612764.0,Washington,Wizards,WAS,0,0,,,,,
124,0021501073,145,1,52,2,7:41 PM,9:25,,,Smith  Alley Oop Dunk (2 PTS) (Jones 3 AST),35 - 34,-1,5.0,202962,Greg Smith,1610612750.0,Minnesota,Timberwolves,MIN,5,1626145,Tyus Jones,1610612750.0,Minnesota,Timberwolves,MIN,0,0,,,,,
125,0021501073,146,1,5,2,7:41 PM,9:06,Sessions  Layup (2 PTS) (Nene 2 AST),,,35 - 36,1,4.0,201196,Ramon Sessions,1610612764.0,Washington,Wizards,WAS,4,2403,Nene,1610612764.0,Washington,Wizards,WAS,0,0,,,,,
126,0021501073,147,1,42,2,7:41 PM,8:53,,,Smith  Driving Layup (4 PTS) (Jones 4 AST),37 - 36,-1,5.0,202962,Greg Smith,1610612750.0,Minnesota,Timberwolves,MIN,5,1626145,Tyus Jones,1610612750.0,Minnesota,Timberwolves,MIN,0,0,,,,,
127,0021501073,148,6,2,2,7:41 PM,8:53,Beal S.FOUL (P1.T3) (J.Tiven),,,,,4.0,203078,Bradley Beal,1610612764.0,Washington,Wizards,WAS,5,202962,Greg Smith,1610612750.0,Minnesota,Timberwolves,MIN,1,0,,,,,
128,0021501073,149,9,4,2,7:42 PM,8:53,,,,,,1.0,0,,,,,,0,0,,,,,,0,0,,,,,
129,0021501073,151,3,10,2,7:44 PM,8:53,,,Smith Free Throw 1 of 1 (5 PTS),38 - 36,-2,5.0,202962,Greg Smith,1610612750.0,Minnesota,Timberwolves,MIN,0,0,,,,,,0,0,,,,,
130,0021501073,153,1,42,2,7:44 PM,8:40,Beal 1' Driving Layup (3 PTS),,,38 - 38,TIE,4.0,203078,Bradley Beal,1610612764.0,Washington,Wizards,WAS,0,0,,,,,,0,0,,,,,
131,0021501073,154,1,98,2,7:45 PM,8:22,,,Bjelica 2' Cutting Layup Shot (4 PTS) (Muhammad 1 AST),40 - 38,-2,5.0,202357,Nemanja Bjelica,1610612750.0,Minnesota,Timberwolves,MIN,5,203498,Shabazz Muhammad,1610612750.0,Minnesota,Timberwolves,MIN,0,0,,,,,
132,0021501073,155,2,1,2,7:45 PM,8:04,MISS Temple 27' 3PT Jump Shot,,,,,4.0,202066,Garrett Temple,1610612764.0,Washington,Wizards,WAS,0,0,,,,,,0,0,,,,,
133,0021501073,156,4,0,2,7:45 PM,8:03,,,Prince REBOUND (Off:0 Def:1),,,5.0,2419,Tayshaun Prince,1610612750.0,Minnesota,Timberwolves,MIN,0,0,,,,,,0,0,,,,,
134,0021501073,157,1,41,2,7:45 PM,7:59,,,Jones 1' Running Layup (8 PTS) (Prince 1 AST),42 - 38,-4,5.0,1626145,Tyus Jones,1610612750.0,Minnesota,Timberwolves,MIN,5,2419,Tayshaun Prince,1610612750.0,Minnesota,Timberwolves,MIN,0,0,,,,,
135,0021501073,158,2,5,2,7:45 PM,7:51,MISS Sessions 2' Layup,,,,,4.0,201196,Ramon Sessions,1610612764.0,Washington,Wizards,WAS,0,0,,,,,,0,0,,,,,
136,0021501073,159,4,0,2,7:45 PM,7:50,,,Bjelica REBOUND (Off:0 Def:3),,,5.0,202357,Nemanja Bjelica,1610612750.0,Minnesota,Timberwolves,MIN,0,0,,,,,,0,0,,,,,
137,0021501073,160,2,1,2,7:45 PM,7:43,,,MISS Muhammad 25' 3PT Jump Shot,,,5.0,203498,Shabazz Muhammad,1610612750.0,Minnesota,Timberwolves,MIN,0,0,,,,,,0,0,,,,,
138,0021501073,161,4,0,2,7:45 PM,7:42,WIZARDS Rebound,,,,,2.0,1610612764,,,,,,0,0,,,,,,0,0,,,,,
139,0021501073,162,8,0,2,7:45 PM,7:40,SUB: Wall FOR Sessions,,,,,4.0,201196,Ramon Sessions,1610612764.0,Washington,Wizards,WAS,4,202322,John Wall,1610612764.0,Washington,Wizards,WAS,0,0,,,,,
140,0021501073,164,5,1,2,7:46 PM,7:19,Wall Bad Pass Turnover (P3.T7),,Bjelica STEAL (1 STL),,,4.0,202322,John Wall,1610612764.0,Washington,Wizards,WAS,5,202357,Nemanja Bjelica,1610612750.0,Minnesota,Timberwolves,MIN,0,0,,,,,
141,0021501073,165,6,28,2,7:46 PM,7:17,Wall Personal Take Foul (P1.T4) (M.Callahan),,,,,4.0,202322,John Wall,1610612764.0,Washington,Wizards,WAS,5,203498,Shabazz Muhammad,1610612750.0,Minnesota,Timberwolves,MIN,1,0,,,,,
142,0021501073,166,8,0,2,7:47 PM,7:17,SUB: Porter Jr. FOR Temple,,,,,4.0,202066,Garrett Temple,1610612764.0,Washington,Wizards,WAS,4,203490,Otto Porter,1610612764.0,Washington,Wizards,WAS,0,0,,,,,
143,0021501073,167,8,0,2,7:47 PM,7:17,,,SUB: Rubio FOR Jones,,,5.0,1626145,Tyus Jones,1610612750.0,Minnesota,Timberwolves,MIN,5,201937,Ricky Rubio,1610612750.0,Minnesota,Timberwolves,MIN,0,0,,,,,
144,0021501073,168,8,0,2,7:47 PM,7:17,,,SUB: Towns FOR Bjelica,,,5.0,202357,Nemanja Bjelica,1610612750.0,Minnesota,Timberwolves,MIN,5,1626157,Karl-Anthony Towns,1610612750.0,Minnesota,Timberwolves,MIN,0,0,,,,,
145,0021501073,169,1,58,2,7:47 PM,7:10,,,Prince 6' Turnaround Hook Shot (2 PTS),44 - 38,-6,5.0,2419,Tayshaun Prince,1610612750.0,Minnesota,Timberwolves,MIN,0,0,,,,,,0,0,,,,,
146,0021501073,171,1,42,2,7:47 PM,6:53,Beal 1' Driving Layup (5 PTS),,,44 - 40,-4,4.0,203078,Bradley Beal,1610612764.0,Washington,Wizards,WAS,0,0,,,,,,0,0,,,,,
147,0021501073,172,6,2,2,7:47 PM,6:53,,,Muhammad S.FOUL (P1.T3) (M.Callahan),,,5.0,203498,Shabazz Muhammad,1610612750.0,Minnesota,Timberwolves,MIN,4,203078,Bradley Beal,1610612764.0,Washington,Wizards,WAS,1,0,,,,,
148,0021501073,173,8,0,2,7:48 PM,6:53,,,SUB: Wiggins FOR Muhammad,,,5.0,203498,Shabazz Muhammad,1610612750.0,Minnesota,Timberwolves,MIN,5,203952,Andrew Wiggins,1610612750.0,Minnesota,Timberwolves,MIN,0,0,,,,,
149,0021501073,174,3,10,2,7:48 PM,6:53,Beal Free Throw 1 of 1 (6 PTS),,,44 - 41,-3,4.0,203078,Bradley Beal,1610612764.0,Washington,Wizards,WAS,0,0,,,,,,0,0,,,,,
150,0021501073,177,5,40,2,7:48 PM,6:33,,,Towns Out of Bounds Lost Ball Turnover (P2.T4),,,5.0,1626157,Karl-Anthony Towns,1610612750.0,Minnesota,Timberwolves,MIN,0,0,,,,,,1,0,,,,,
151,0021501073,178,2,5,2,7:49 PM,6:21,MISS Nene 2' Layup,,,,,4.0,2403,Nene,1610612764.0,Washington,Wizards,WAS,0,0,,,,,,0,0,,,,,
152,0021501073,179,4,0,2,7:49 PM,6:20,,,Prince REBOUND (Off:0 Def:2),,,5.0,2419,Tayshaun Prince,1610612750.0,Minnesota,Timberwolves,MIN,0,0,,,,,,0,0,,,,,
153,0021501073,180,2,1,2,7:49 PM,6:05,,,MISS Towns 5' Jump Shot,,,5.0,1626157,Karl-Anthony Towns,1610612750.0,Minnesota,Timberwolves,MIN,0,0,,,,,,0,0,,,,,
154,0021501073,181,4,0,2,7:49 PM,6:04,,,Smith REBOUND (Off:1 Def:0),,,5.0,202962,Greg Smith,1610612750.0,Minnesota,Timberwolves,MIN,0,0,,,,,,0,0,,,,,
155,0021501073,182,2,1,2,7:49 PM,5:51,,,MISS Wiggins 18' Jump Shot,,,5.0,203952,Andrew Wiggins,1610612750.0,Minnesota,Timberwolves,MIN,0,0,,,,,,0,0,,,,,
156,0021501073,183,4,0,2,7:49 PM,5:50,Nene REBOUND (Off:0 Def:1),,,,,4.0,2403,Nene,1610612764.0,Washington,Wizards,WAS,0,0,,,,,,0,0,,,,,
157,0021501073,184,1,78,2,7:50 PM,5:34,Beal 14' Floating Jump Shot (8 PTS) (Nene 3 AST),,,44 - 43,-1,4.0,203078,Bradley Beal,1610612764.0,Washington,Wizards,WAS,4,2403,Nene,1610612764.0,Washington,Wizards,WAS,0,0,,,,,
158,0021501073,185,2,1,2,7:50 PM,5:07,,,MISS Wiggins  3PT Jump Shot,,,5.0,203952,Andrew Wiggins,1610612750.0,Minnesota,Timberwolves,MIN,0,0,,,,,,0,0,,,,,
159,0021501073,186,4,0,2,7:50 PM,5:06,,,Smith REBOUND (Off:2 Def:0),,,5.0,202962,Greg Smith,1610612750.0,Minnesota,Timberwolves,MIN,0,0,,,,,,0,0,,,,,
160,0021501073,187,2,1,2,7:50 PM,5:02,,,MISS Rubio 25' 3PT Jump Shot,,,5.0,201937,Ricky Rubio,1610612750.0,Minnesota,Timberwolves,MIN,0,0,,,,,,0,0,,,,,
161,0021501073,188,4,0,2,7:50 PM,5:01,,,Wiggins REBOUND (Off:1 Def:0),,,5.0,203952,Andrew Wiggins,1610612750.0,Minnesota,Timberwolves,MIN,0,0,,,,,,0,0,,,,,
162,0021501073,189,6,1,2,7:50 PM,4:57,Wall P.FOUL (P2.PN) (J.Tiven),,,,,4.0,202322,John Wall,1610612764.0,Washington,Wizards,WAS,5,203952,Andrew Wiggins,1610612750.0,Minnesota,Timberwolves,MIN,1,0,,,,,
163,0021501073,190,9,1,2,7:51 PM,4:57,WIZARDS Timeout: Regular (Full 2 Short 0),,,,,2.0,1610612764,,,,,,0,0,,,,,,0,0,,,,,
164,0021501073,192,8,0,2,7:52 PM,4:57,SUB: Gortat FOR Nene,,,,,4.0,2403,Nene,1610612764.0,Washington,Wizards,WAS,4,101162,Marcin Gortat,1610612764.0,Washington,Wizards,WAS,0,0,,,,,
165,0021501073,193,8,0,2,7:53 PM,4:57,,,SUB: LaVine FOR Prince,,,5.0,2419,Tayshaun Prince,1610612750.0,Minnesota,Timberwolves,MIN,5,203897,Zach LaVine,1610612750.0,Minnesota,Timberwolves,MIN,0,0,,,,,
166,0021501073,194,8,0,2,7:53 PM,4:57,,,SUB: Dieng FOR Smith,,,5.0,202962,Greg Smith,1610612750.0,Minnesota,Timberwolves,MIN,5,203476,Gorgui Dieng,1610612750.0,Minnesota,Timberwolves,MIN,0,0,,,,,
167,0021501073,195,3,11,2,7:53 PM,4:57,,,Wiggins Free Throw 1 of 2 (1 PTS),45 - 43,-2,5.0,203952,Andrew Wiggins,1610612750.0,Minnesota,Timberwolves,MIN,0,0,,,,,,0,0,,,,,
168,0021501073,197,3,12,2,7:53 PM,4:57,,,Wiggins Free Throw 2 of 2 (2 PTS),46 - 43,-3,5.0,203952,Andrew Wiggins,1610612750.0,Minnesota,Timberwolves,MIN,0,0,,,,,,0,0,,,,,
169,0021501073,200,1,71,2,7:54 PM,4:46,Beal 1' Finger Roll Layup (10 PTS) (Gortat 1 AST),,,46 - 45,-1,4.0,203078,Bradley Beal,1610612764.0,Washington,Wizards,WAS,4,101162,Marcin Gortat,1610612764.0,Washington,Wizards,WAS,0,0,,,,,
170,0021501073,201,2,1,2,7:54 PM,4:31,,,MISS Wiggins 18' Jump Shot,,,5.0,203952,Andrew Wiggins,1610612750.0,Minnesota,Timberwolves,MIN,0,0,,,,,,0,0,,,,,
171,0021501073,202,4,0,2,7:54 PM,4:30,Porter Jr. REBOUND (Off:1 Def:2),,,,,4.0,203490,Otto Porter,1610612764.0,Washington,Wizards,WAS,0,0,,,,,,0,0,,,,,
172,0021501073,203,2,66,2,7:54 PM,4:14,MISS Gortat 15' Jump Bank Shot,,,,,4.0,101162,Marcin Gortat,1610612764.0,Washington,Wizards,WAS,0,0,,,,,,0,0,,,,,
173,0021501073,204,4,0,2,7:54 PM,4:12,,,Wiggins REBOUND (Off:1 Def:1),,,5.0,203952,Andrew Wiggins,1610612750.0,Minnesota,Timberwolves,MIN,0,0,,,,,,0,0,,,,,
174,0021501073,205,1,1,2,7:54 PM,3:56,,,Rubio 12' Jump Shot (5 PTS) (Dieng 2 AST),48 - 45,-3,5.0,201937,Ricky Rubio,1610612750.0,Minnesota,Timberwolves,MIN,5,203476,Gorgui Dieng,1610612750.0,Minnesota,Timberwolves,MIN,0,0,,,,,
175,0021501073,206,1,5,2,7:55 PM,3:30,Gortat 1' Layup (6 PTS) (Wall 6 AST),,,48 - 47,-1,4.0,101162,Marcin Gortat,1610612764.0,Washington,Wizards,WAS,4,202322,John Wall,1610612764.0,Washington,Wizards,WAS,0,0,,,,,
176,0021501073,207,6,2,2,7:55 PM,3:22,Dudley S.FOUL (P1.PN) (M.Callahan),,,,,4.0,201162,Jared Dudley,1610612764.0,Washington,Wizards,WAS,5,201937,Ricky Rubio,1610612750.0,Minnesota,Timberwolves,MIN,1,0,,,,,
177,0021501073,208,3,11,2,7:56 PM,3:22,,,Rubio Free Throw 1 of 2 (6 PTS),49 - 47,-2,5.0,201937,Ricky Rubio,1610612750.0,Minnesota,Timberwolves,MIN,0,0,,,,,,0,0,,,,,
178,0021501073,210,3,12,2,7:56 PM,3:22,,,Rubio Free Throw 2 of 2 (7 PTS),50 - 47,-3,5.0,201937,Ricky Rubio,1610612750.0,Minnesota,Timberwolves,MIN,0,0,,,,,,0,0,,,,,
179,0021501073,213,5,2,2,7:56 PM,3:10,Wall Lost Ball Turnover (P4.T8),,LaVine STEAL (2 STL),,,4.0,202322,John Wall,1610612764.0,Washington,Wizards,WAS,5,203897,Zach LaVine,1610612750.0,Minnesota,Timberwolves,MIN,0,0,,,,,
180,0021501073,214,1,41,2,7:56 PM,3:06,,,LaVine 1' Running Layup (6 PTS),52 - 47,-5,5.0,203897,Zach LaVine,1610612750.0,Minnesota,Timberwolves,MIN,0,0,,,,,,0,0,,,,,
181,0021501073,215,2,1,2,7:56 PM,2:50,MISS Wall 26' 3PT Jump Shot,,,,,4.0,202322,John Wall,1610612764.0,Washington,Wizards,WAS,0,0,,,,,,0,0,,,,,
182,0021501073,216,4,0,2,7:56 PM,2:49,,,Dieng REBOUND (Off:0 Def:4),,,5.0,203476,Gorgui Dieng,1610612750.0,Minnesota,Timberwolves,MIN,0,0,,,,,,0,0,,,,,
183,0021501073,217,1,71,2,7:57 PM,2:45,,,LaVine  Finger Roll Layup (8 PTS) (Dieng 3 AST),54 - 47,-7,5.0,203897,Zach LaVine,1610612750.0,Minnesota,Timberwolves,MIN,5,203476,Gorgui Dieng,1610612750.0,Minnesota,Timberwolves,MIN,0,0,,,,,
184,0021501073,218,9,2,2,7:57 PM,2:38,WIZARDS Timeout: Short (Full 2 Short 1),,,,,2.0,1610612764,,,,,,0,0,,,,,,0,0,,,,,
185,0021501073,219,9,1,2,7:57 PM,2:38,,,Timberwolves Timeout: Regular (Reg.2 Short 0),,,3.0,1610612750,,,,,,0,0,,,,,,0,0,,,,,
186,0021501073,221,1,1,2,8:00 PM,2:31,Beal 27' 3PT Jump Shot (13 PTS) (Dudley 1 AST),,,54 - 50,-4,4.0,203078,Bradley Beal,1610612764.0,Washington,Wizards,WAS,4,201162,Jared Dudley,1610612764.0,Washington,Wizards,WAS,0,0,,,,,
187,0021501073,222,1,1,2,8:00 PM,2:17,,,LaVine 24' 3PT Jump Shot (11 PTS) (Rubio 2 AST),57 - 50,-7,5.0,203897,Zach LaVine,1610612750.0,Minnesota,Timberwolves,MIN,5,201937,Ricky Rubio,1610612750.0,Minnesota,Timberwolves,MIN,0,0,,,,,
188,0021501073,223,1,1,2,8:00 PM,2:06,Beal 26' 3PT Jump Shot (16 PTS) (Wall 7 AST),,,57 - 53,-4,4.0,203078,Bradley Beal,1610612764.0,Washington,Wizards,WAS,4,202322,John Wall,1610612764.0,Washington,Wizards,WAS,0,0,,,,,
189,0021501073,224,1,79,2,8:01 PM,1:42,,,LaVine 26' 3PT Pullup Jump Shot (14 PTS),60 - 53,-7,5.0,203897,Zach LaVine,1610612750.0,Minnesota,Timberwolves,MIN,0,0,,,,,,0,0,,,,,
190,0021501073,225,1,42,2,8:01 PM,1:20,Wall 1' Driving Layup (4 PTS) (Dudley 2 AST),,,60 - 55,-5,4.0,202322,John Wall,1610612764.0,Washington,Wizards,WAS,4,201162,Jared Dudley,1610612764.0,Washington,Wizards,WAS,0,0,,,,,
191,0021501073,226,6,29,2,8:01 PM,1:20,,,Dieng Shooting Block Foul (P1.T4) (M.Callahan),,,5.0,203476,Gorgui Dieng,1610612750.0,Minnesota,Timberwolves,MIN,4,202322,John Wall,1610612764.0,Washington,Wizards,WAS,1,0,,,,,
192,0021501073,227,3,10,2,8:01 PM,1:20,Wall Free Throw 1 of 1 (5 PTS),,,60 - 56,-4,4.0,202322,John Wall,1610612764.0,Washington,Wizards,WAS,0,0,,,,,,0,0,,,,,
193,0021501073,230,1,79,2,8:02 PM,1:07,,,LaVine 21' Pullup Jump Shot (16 PTS) (Towns 3 AST),62 - 56,-6,5.0,203897,Zach LaVine,1610612750.0,Minnesota,Timberwolves,MIN,5,1626157,Karl-Anthony Towns,1610612750.0,Minnesota,Timberwolves,MIN,0,0,,,,,
194,0021501073,231,6,2,2,8:02 PM,0:59,,,Dieng S.FOUL (P2.PN) (J.VanDuyne),,,5.0,203476,Gorgui Dieng,1610612750.0,Minnesota,Timberwolves,MIN,4,101162,Marcin Gortat,1610612764.0,Washington,Wizards,WAS,1,0,,,,,
195,0021501073,232,3,11,2,8:02 PM,0:59,MISS Gortat Free Throw 1 of 2,,,,,4.0,101162,Marcin Gortat,1610612764.0,Washington,Wizards,WAS,0,0,,,,,,0,0,,,,,
196,0021501073,233,4,1,2,8:02 PM,0:59,WIZARDS Rebound,,,,,2.0,1610612764,,,,,,0,0,,,,,,0,0,,,,,
197,0021501073,234,8,0,2,8:03 PM,0:59,,,SUB: Smith FOR Dieng,,,5.0,203476,Gorgui Dieng,1610612750.0,Minnesota,Timberwolves,MIN,5,202962,Greg Smith,1610612750.0,Minnesota,Timberwolves,MIN,0,0,,,,,
198,0021501073,235,3,12,2,8:03 PM,0:59,Gortat Free Throw 2 of 2 (7 PTS),,,62 - 57,-5,4.0,101162,Marcin Gortat,1610612764.0,Washington,Wizards,WAS,0,0,,,,,,0,0,,,,,
199,0021501073,238,2,1,2,8:03 PM,0:43,,,MISS LaVine 20' Jump Shot,,,5.0,203897,Zach LaVine,1610612750.0,Minnesota,Timberwolves,MIN,0,0,,,,,,0,0,,,,,
200,0021501073,239,4,0,2,8:03 PM,0:42,Porter Jr. REBOUND (Off:1 Def:3),,,,,4.0,203490,Otto Porter,1610612764.0,Washington,Wizards,WAS,0,0,,,,,,0,0,,,,,
201,0021501073,240,1,1,2,8:03 PM,0:33,Porter Jr. 28' 3PT Jump Shot (10 PTS) (Dudley 3 AST),,,62 - 60,-2,4.0,203490,Otto Porter,1610612764.0,Washington,Wizards,WAS,4,201162,Jared Dudley,1610612764.0,Washington,Wizards,WAS,0,0,,,,,
202,0021501073,241,2,1,2,8:04 PM,0:24,,,MISS Towns 20' Jump Shot,,,5.0,1626157,Karl-Anthony Towns,1610612750.0,Minnesota,Timberwolves,MIN,0,0,,,,,,0,0,,,,,
203,0021501073,242,4,0,2,8:04 PM,0:24,WIZARDS Rebound,,,,,2.0,1610612764,,,,,,0,0,,,,,,0,0,,,,,
204,0021501073,243,1,63,2,8:04 PM,0:00,Wall 21' Fadeaway Jumper (7 PTS) (Dudley 4 AST),,,62 - 62,TIE,4.0,202322,John Wall,1610612764.0,Washington,Wizards,WAS,4,201162,Jared Dudley,1610612764.0,Washington,Wizards,WAS,0,0,,,,,
205,0021501073,244,18,0,2,8:04 PM,0:00,,,,,,,243,Aaron McKie,,,,,0,0,,,,,,1,0,,,,,
206,0021501073,245,13,0,2,8:05 PM,0:00,,,,62 - 62,TIE,0.0,0,,,,,,0,0,,,,,,0,0,,,,,
207,0021501073,247,12,0,3,8:21 PM,12:00,,,,62 - 62,TIE,0.0,0,,,,,,0,0,,,,,,0,0,,,,,
208,0021501073,248,5,1,3,8:21 PM,11:44,Gortat Bad Pass Turnover (P3.T9),,Towns STEAL (1 STL),,,4.0,101162,Marcin Gortat,1610612764.0,Washington,Wizards,WAS,5,1626157,Karl-Anthony Towns,1610612750.0,Minnesota,Timberwolves,MIN,0,0,,,,,
209,0021501073,249,6,1,3,8:21 PM,11:27,Nene P.FOUL (P2.T1) (J.Tiven),,,,,4.0,2403,Nene,1610612764.0,Washington,Wizards,WAS,5,1626157,Karl-Anthony Towns,1610612750.0,Minnesota,Timberwolves,MIN,1,0,,,,,
210,0021501073,250,1,7,3,8:22 PM,11:15,,,Wiggins  Dunk (4 PTS) (LaVine 2 AST),64 - 62,-2,5.0,203952,Andrew Wiggins,1610612750.0,Minnesota,Timberwolves,MIN,5,203897,Zach LaVine,1610612750.0,Minnesota,Timberwolves,MIN,0,0,,,,,
211,0021501073,251,1,49,3,8:22 PM,10:52,Gortat  Driving Dunk (9 PTS) (Wall 8 AST),,,64 - 64,TIE,4.0,101162,Marcin Gortat,1610612764.0,Washington,Wizards,WAS,4,202322,John Wall,1610612764.0,Washington,Wizards,WAS,0,0,,,,,
212,0021501073,252,1,7,3,8:22 PM,10:35,,,Dieng  Dunk (8 PTS) (Towns 4 AST),66 - 64,-2,5.0,203476,Gorgui Dieng,1610612750.0,Minnesota,Timberwolves,MIN,5,1626157,Karl-Anthony Towns,1610612750.0,Minnesota,Timberwolves,MIN,0,0,,,,,
213,0021501073,253,1,71,3,8:23 PM,10:14,Nene 1' Finger Roll Layup (6 PTS) (Porter Jr. 1 AST),,,66 - 66,TIE,4.0,2403,Nene,1610612764.0,Washington,Wizards,WAS,4,203490,Otto Porter,1610612764.0,Washington,Wizards,WAS,0,0,,,,,
214,0021501073,255,2,1,3,8:23 PM,9:54,,,MISS Wiggins 11' Jump Shot,,,5.0,203952,Andrew Wiggins,1610612750.0,Minnesota,Timberwolves,MIN,0,0,,,,,,0,0,,,,,
215,0021501073,256,4,0,3,8:23 PM,9:53,Wall REBOUND (Off:1 Def:2),,,,,4.0,202322,John Wall,1610612764.0,Washington,Wizards,WAS,0,0,,,,,,0,0,,,,,
216,0021501073,257,2,1,3,8:23 PM,9:44,MISS Gortat 12' Jump Shot,,,,,4.0,101162,Marcin Gortat,1610612764.0,Washington,Wizards,WAS,0,0,,,,,,0,0,,,,,
217,0021501073,258,4,0,3,8:24 PM,9:43,Porter Jr. REBOUND (Off:2 Def:3),,,,,4.0,203490,Otto Porter,1610612764.0,Washington,Wizards,WAS,0,0,,,,,,0,0,,,,,
218,0021501073,259,1,5,3,8:24 PM,9:32,Gortat 1' Layup (11 PTS) (Nene 4 AST),,,66 - 68,2,4.0,101162,Marcin Gortat,1610612764.0,Washington,Wizards,WAS,4,2403,Nene,1610612764.0,Washington,Wizards,WAS,0,0,,,,,
219,0021501073,260,2,5,3,8:24 PM,9:14,,,MISS Towns 2' Layup,,,5.0,1626157,Karl-Anthony Towns,1610612750.0,Minnesota,Timberwolves,MIN,0,0,,,,,,0,0,,,,,
220,0021501073,261,4,0,3,8:24 PM,9:13,Porter Jr. REBOUND (Off:2 Def:4),,,,,4.0,203490,Otto Porter,1610612764.0,Washington,Wizards,WAS,0,0,,,,,,0,0,,,,,
221,0021501073,262,2,5,3,8:24 PM,9:05,MISS Nene 3' Layup,,Dieng BLOCK (1 BLK),,,4.0,2403,Nene,1610612764.0,Washington,Wizards,WAS,0,0,,,,,,5,203476,Gorgui Dieng,1610612750.0,Minnesota,Timberwolves,MIN
222,0021501073,263,4,0,3,8:24 PM,9:04,,,Dieng REBOUND (Off:0 Def:5),,,5.0,203476,Gorgui Dieng,1610612750.0,Minnesota,Timberwolves,MIN,0,0,,,,,,0,0,,,,,
223,0021501073,264,1,5,3,8:24 PM,8:59,,,Wiggins 2' Layup (6 PTS) (Dieng 4 AST),68 - 68,TIE,5.0,203952,Andrew Wiggins,1610612750.0,Minnesota,Timberwolves,MIN,5,203476,Gorgui Dieng,1610612750.0,Minnesota,Timberwolves,MIN,0,0,,,,,
224,0021501073,265,2,1,3,8:25 PM,8:42,MISS Porter Jr. 19' Jump Shot,,,,,4.0,203490,Otto Porter,1610612764.0,Washington,Wizards,WAS,0,0,,,,,,0,0,,,,,
225,0021501073,266,4,0,3,8:25 PM,8:41,,,Towns REBOUND (Off:1 Def:3),,,5.0,1626157,Karl-Anthony Towns,1610612750.0,Minnesota,Timberwolves,MIN,0,0,,,,,,0,0,,,,,
226,0021501073,267,6,2,3,8:25 PM,8:32,Porter Jr. S.FOUL (P1.T2) (M.Callahan),,,,,4.0,203490,Otto Porter,1610612764.0,Washington,Wizards,WAS,5,203952,Andrew Wiggins,1610612750.0,Minnesota,Timberwolves,MIN,1,0,,,,,
227,0021501073,268,3,11,3,8:25 PM,8:32,,,Wiggins Free Throw 1 of 2 (7 PTS),69 - 68,-1,5.0,203952,Andrew Wiggins,1610612750.0,Minnesota,Timberwolves,MIN,0,0,,,,,,0,0,,,,,
228,0021501073,270,3,12,3,8:25 PM,8:32,,,Wiggins Free Throw 2 of 2 (8 PTS),70 - 68,-2,5.0,203952,Andrew Wiggins,1610612750.0,Minnesota,Timberwolves,MIN,0,0,,,,,,0,0,,,,,
229,0021501073,273,2,1,3,8:26 PM,8:16,MISS Gortat 3' Jump Shot,,,,,4.0,101162,Marcin Gortat,1610612764.0,Washington,Wizards,WAS,0,0,,,,,,0,0,,,,,
230,0021501073,274,4,0,3,8:26 PM,8:15,,,Dieng REBOUND (Off:0 Def:6),,,5.0,203476,Gorgui Dieng,1610612750.0,Minnesota,Timberwolves,MIN,0,0,,,,,,0,0,,,,,
231,0021501073,275,5,1,3,8:26 PM,8:10,Wall STEAL (1 STL),,Rubio Bad Pass Turnover (P2.T5),,,5.0,201937,Ricky Rubio,1610612750.0,Minnesota,Timberwolves,MIN,4,202322,John Wall,1610612764.0,Washington,Wizards,WAS,0,0,,,,,
232,0021501073,276,5,1,3,8:26 PM,7:59,Gortat Bad Pass Turnover (P4.T10),,Wiggins STEAL (1 STL),,,4.0,101162,Marcin Gortat,1610612764.0,Washington,Wizards,WAS,5,203952,Andrew Wiggins,1610612750.0,Minnesota,Timberwolves,MIN,0,0,,,,,
233,0021501073,277,2,1,3,8:27 PM,7:36,Nene BLOCK (1 BLK),,MISS Towns 15' Jump Shot,,,5.0,1626157,Karl-Anthony Towns,1610612750.0,Minnesota,Timberwolves,MIN,0,0,,,,,,4,2403,Nene,1610612764.0,Washington,Wizards,WAS
234,0021501073,278,4,0,3,8:27 PM,7:34,Beal REBOUND (Off:0 Def:1),,,,,4.0,203078,Bradley Beal,1610612764.0,Washington,Wizards,WAS,0,0,,,,,,0,0,,,,,
235,0021501073,279,1,79,3,8:27 PM,7:25,Wall 17' Pullup Jump Shot (9 PTS),,,70 - 70,TIE,4.0,202322,John Wall,1610612764.0,Washington,Wizards,WAS,0,0,,,,,,0,0,,,,,
236,0021501073,280,9,1,3,8:27 PM,7:24,,,Timberwolves Timeout: Regular (Reg.3 Short 0),,,3.0,1610612750,,,,,,0,0,,,,,,0,0,,,,,
237,0021501073,282,2,1,3,8:30 PM,7:11,,,MISS Rubio 26' 3PT Jump Shot,,,5.0,201937,Ricky Rubio,1610612750.0,Minnesota,Timberwolves,MIN,0,0,,,,,,0,0,,,,,
238,0021501073,283,4,0,3,8:30 PM,7:10,Porter Jr. REBOUND (Off:2 Def:5),,,,,4.0,203490,Otto Porter,1610612764.0,Washington,Wizards,WAS,0,0,,,,,,0,0,,,,,
239,0021501073,284,1,1,3,8:30 PM,6:58,Nene 19' Jump Shot (8 PTS) (Wall 9 AST),,,70 - 72,2,4.0,2403,Nene,1610612764.0,Washington,Wizards,WAS,4,202322,John Wall,1610612764.0,Washington,Wizards,WAS,0,0,,,,,
240,0021501073,285,1,1,3,8:30 PM,6:41,,,LaVine 29' 3PT Jump Shot (19 PTS) (Towns 5 AST),73 - 72,-1,5.0,203897,Zach LaVine,1610612750.0,Minnesota,Timberwolves,MIN,5,1626157,Karl-Anthony Towns,1610612750.0,Minnesota,Timberwolves,MIN,0,0,,,,,
241,0021501073,286,2,1,3,8:30 PM,6:23,MISS Beal 18' Jump Shot,,,,,4.0,203078,Bradley Beal,1610612764.0,Washington,Wizards,WAS,0,0,,,,,,0,0,,,,,
242,0021501073,287,4,0,3,8:30 PM,6:22,,,Wiggins REBOUND (Off:1 Def:2),,,5.0,203952,Andrew Wiggins,1610612750.0,Minnesota,Timberwolves,MIN,0,0,,,,,,0,0,,,,,
243,0021501073,288,6,1,3,8:31 PM,6:15,Porter Jr. P.FOUL (P2.T3) (J.Tiven),,,,,4.0,203490,Otto Porter,1610612764.0,Washington,Wizards,WAS,5,203952,Andrew Wiggins,1610612750.0,Minnesota,Timberwolves,MIN,1,0,,,,,
244,0021501073,289,6,2,3,8:31 PM,6:05,Wall S.FOUL (P3.T4) (M.Callahan),,,,,4.0,202322,John Wall,1610612764.0,Washington,Wizards,WAS,5,201937,Ricky Rubio,1610612750.0,Minnesota,Timberwolves,MIN,1,0,,,,,
245,0021501073,290,3,11,3,8:31 PM,6:05,,,Rubio Free Throw 1 of 2 (8 PTS),74 - 72,-2,5.0,201937,Ricky Rubio,1610612750.0,Minnesota,Timberwolves,MIN,0,0,,,,,,0,0,,,,,
246,0021501073,292,3,12,3,8:32 PM,6:05,,,Rubio Free Throw 2 of 2 (9 PTS),75 - 72,-3,5.0,201937,Ricky Rubio,1610612750.0,Minnesota,Timberwolves,MIN,0,0,,,,,,0,0,,,,,
247,0021501073,295,2,1,3,8:32 PM,5:49,MISS Porter Jr. 15' Jump Shot,,,,,4.0,203490,Otto Porter,1610612764.0,Washington,Wizards,WAS,0,0,,,,,,0,0,,,,,
248,0021501073,296,4,0,3,8:32 PM,5:47,,,Wiggins REBOUND (Off:1 Def:3),,,5.0,203952,Andrew Wiggins,1610612750.0,Minnesota,Timberwolves,MIN,0,0,,,,,,0,0,,,,,
249,0021501073,297,1,42,3,8:32 PM,5:36,,,Towns 1' Driving Layup (12 PTS) (Wiggins 1 AST),77 - 72,-5,5.0,1626157,Karl-Anthony Towns,1610612750.0,Minnesota,Timberwolves,MIN,5,203952,Andrew Wiggins,1610612750.0,Minnesota,Timberwolves,MIN,0,0,,,,,
250,0021501073,298,2,5,3,8:33 PM,5:20,MISS Porter Jr. 2' Layup,,Dieng BLOCK (2 BLK),,,4.0,203490,Otto Porter,1610612764.0,Washington,Wizards,WAS,0,0,,,,,,5,203476,Gorgui Dieng,1610612750.0,Minnesota,Timberwolves,MIN
251,0021501073,299,4,0,3,8:33 PM,5:19,,,Timberwolves Rebound,,,3.0,1610612750,,,,,,0,0,,,,,,0,0,,,,,
252,0021501073,300,2,1,3,8:33 PM,4:57,,,MISS Dieng 26' 3PT Jump Shot,,,5.0,203476,Gorgui Dieng,1610612750.0,Minnesota,Timberwolves,MIN,0,0,,,,,,0,0,,,,,
253,0021501073,301,4,0,3,8:33 PM,4:56,Nene REBOUND (Off:0 Def:2),,,,,4.0,2403,Nene,1610612764.0,Washington,Wizards,WAS,0,0,,,,,,0,0,,,,,
254,0021501073,302,6,1,3,8:33 PM,4:52,,,Rubio P.FOUL (P1.T1) (J.VanDuyne),,,5.0,201937,Ricky Rubio,1610612750.0,Minnesota,Timberwolves,MIN,4,202322,John Wall,1610612764.0,Washington,Wizards,WAS,1,0,,,,,
255,0021501073,303,8,0,3,8:33 PM,4:52,SUB: Dudley FOR Nene,,,,,4.0,2403,Nene,1610612764.0,Washington,Wizards,WAS,4,201162,Jared Dudley,1610612764.0,Washington,Wizards,WAS,0,0,,,,,
256,0021501073,304,2,5,3,8:34 PM,4:42,MISS Beal 1' Layup,,,,,4.0,203078,Bradley Beal,1610612764.0,Washington,Wizards,WAS,0,0,,,,,,0,0,,,,,
257,0021501073,305,4,0,3,8:34 PM,4:41,Porter Jr. REBOUND (Off:3 Def:5),,,,,4.0,203490,Otto Porter,1610612764.0,Washington,Wizards,WAS,0,0,,,,,,0,0,,,,,
258,0021501073,306,1,87,3,8:34 PM,4:40,Porter Jr.  Putback Dunk (12 PTS),,,77 - 74,-3,4.0,203490,Otto Porter,1610612764.0,Washington,Wizards,WAS,0,0,,,,,,0,0,,,,,
259,0021501073,307,6,4,3,8:34 PM,4:27,,,Wiggins OFF.Foul (P1) (J.VanDuyne),,,5.0,203952,Andrew Wiggins,1610612750.0,Minnesota,Timberwolves,MIN,4,203490,Otto Porter,1610612764.0,Washington,Wizards,WAS,1,0,,,,,
260,0021501073,308,5,5,3,8:34 PM,4:27,,,Wiggins Foul Turnover (P1.T6),,,5.0,203952,Andrew Wiggins,1610612750.0,Minnesota,Timberwolves,MIN,0,0,,,,,,1,0,,,,,
261,0021501073,309,2,5,3,8:34 PM,4:18,MISS Wall  Layup,,,,,4.0,202322,John Wall,1610612764.0,Washington,Wizards,WAS,0,0,,,,,,0,0,,,,,
262,0021501073,310,4,0,3,8:34 PM,4:17,,,Towns REBOUND (Off:1 Def:4),,,5.0,1626157,Karl-Anthony Towns,1610612750.0,Minnesota,Timberwolves,MIN,0,0,,,,,,0,0,,,,,
263,0021501073,311,6,1,3,8:35 PM,4:04,Porter Jr. P.FOUL (P3.PN) (J.Tiven),,,,,4.0,203490,Otto Porter,1610612764.0,Washington,Wizards,WAS,5,1626157,Karl-Anthony Towns,1610612750.0,Minnesota,Timberwolves,MIN,1,0,,,,,
264,0021501073,312,3,11,3,8:35 PM,4:04,,,Towns Free Throw 1 of 2 (13 PTS),78 - 74,-4,5.0,1626157,Karl-Anthony Towns,1610612750.0,Minnesota,Timberwolves,MIN,0,0,,,,,,0,0,,,,,
265,0021501073,314,3,12,3,8:35 PM,4:04,,,Towns Free Throw 2 of 2 (14 PTS),79 - 74,-5,5.0,1626157,Karl-Anthony Towns,1610612750.0,Minnesota,Timberwolves,MIN,0,0,,,,,,0,0,,,,,
266,0021501073,318,1,7,3,8:36 PM,3:41,Gortat  Dunk (13 PTS) (Wall 10 AST),,,79 - 76,-3,4.0,101162,Marcin Gortat,1610612764.0,Washington,Wizards,WAS,4,202322,John Wall,1610612764.0,Washington,Wizards,WAS,0,0,,,,,
267,0021501073,320,8,0,3,8:36 PM,3:27,SUB: Thornton FOR Beal,,,,,4.0,203078,Bradley Beal,1610612764.0,Washington,Wizards,WAS,4,201977,Marcus Thornton,1610612764.0,Washington,Wizards,WAS,0,0,,,,,
268,0021501073,321,8,0,3,8:36 PM,3:27,,,SUB: Smith FOR Dieng,,,5.0,203476,Gorgui Dieng,1610612750.0,Minnesota,Timberwolves,MIN,5,202962,Greg Smith,1610612750.0,Minnesota,Timberwolves,MIN,0,0,,,,,
269,0021501073,322,2,1,3,8:37 PM,3:21,,,MISS Wiggins 27' 3PT Jump Shot,,,5.0,203952,Andrew Wiggins,1610612750.0,Minnesota,Timberwolves,MIN,0,0,,,,,,0,0,,,,,
270,0021501073,323,4,0,3,8:37 PM,3:20,Thornton REBOUND (Off:0 Def:1),,,,,4.0,201977,Marcus Thornton,1610612764.0,Washington,Wizards,WAS,0,0,,,,,,0,0,,,,,
271,0021501073,324,2,1,3,8:37 PM,3:11,MISS Dudley 28' 3PT Jump Shot,,,,,4.0,201162,Jared Dudley,1610612764.0,Washington,Wizards,WAS,0,0,,,,,,0,0,,,,,
272,0021501073,325,4,0,3,8:37 PM,3:10,Gortat REBOUND (Off:2 Def:4),,,,,4.0,101162,Marcin Gortat,1610612764.0,Washington,Wizards,WAS,0,0,,,,,,0,0,,,,,
273,0021501073,326,6,2,3,8:37 PM,3:09,,,Smith S.FOUL (P3.T2) (J.Tiven),,,5.0,202962,Greg Smith,1610612750.0,Minnesota,Timberwolves,MIN,4,101162,Marcin Gortat,1610612764.0,Washington,Wizards,WAS,1,0,,,,,
274,0021501073,327,3,11,3,8:37 PM,3:09,MISS Gortat Free Throw 1 of 2,,,,,4.0,101162,Marcin Gortat,1610612764.0,Washington,Wizards,WAS,0,0,,,,,,0,0,,,,,
275,0021501073,328,4,1,3,8:37 PM,3:09,WIZARDS Rebound,,,,,2.0,1610612764,,,,,,0,0,,,,,,0,0,,,,,
276,0021501073,329,8,0,3,8:37 PM,3:09,,,SUB: Jones FOR Rubio,,,5.0,201937,Ricky Rubio,1610612750.0,Minnesota,Timberwolves,MIN,5,1626145,Tyus Jones,1610612750.0,Minnesota,Timberwolves,MIN,0,0,,,,,
277,0021501073,330,8,0,3,8:37 PM,3:09,,,SUB: Muhammad FOR Wiggins,,,5.0,203952,Andrew Wiggins,1610612750.0,Minnesota,Timberwolves,MIN,5,203498,Shabazz Muhammad,1610612750.0,Minnesota,Timberwolves,MIN,0,0,,,,,
278,0021501073,331,3,12,3,8:37 PM,3:09,MISS Gortat Free Throw 2 of 2,,,,,4.0,101162,Marcin Gortat,1610612764.0,Washington,Wizards,WAS,0,0,,,,,,0,0,,,,,
279,0021501073,333,4,0,3,8:38 PM,3:08,,,Towns REBOUND (Off:1 Def:5),,,5.0,1626157,Karl-Anthony Towns,1610612750.0,Minnesota,Timberwolves,MIN,0,0,,,,,,0,0,,,,,
280,0021501073,334,2,1,3,8:38 PM,2:53,,,MISS Towns 25' 3PT Jump Shot,,,5.0,1626157,Karl-Anthony Towns,1610612750.0,Minnesota,Timberwolves,MIN,0,0,,,,,,0,0,,,,,
281,0021501073,335,4,0,3,8:38 PM,2:52,Porter Jr. REBOUND (Off:3 Def:6),,,,,4.0,203490,Otto Porter,1610612764.0,Washington,Wizards,WAS,0,0,,,,,,0,0,,,,,
282,0021501073,336,1,1,3,8:38 PM,2:37,Porter Jr. 23' Jump Shot (14 PTS) (Wall 11 AST),,,79 - 78,-1,4.0,203490,Otto Porter,1610612764.0,Washington,Wizards,WAS,4,202322,John Wall,1610612764.0,Washington,Wizards,WAS,0,0,,,,,
283,0021501073,341,18,0,3,8:38 PM,2:37,,,,,,,336,,,,,,0,0,,,,,,1,0,,,,,
284,0021501073,337,2,1,3,8:38 PM,2:23,,,MISS Towns 19' Jump Shot,,,5.0,1626157,Karl-Anthony Towns,1610612750.0,Minnesota,Timberwolves,MIN,0,0,,,,,,0,0,,,,,
285,0021501073,338,4,0,3,8:38 PM,2:21,Dudley REBOUND (Off:0 Def:1),,,,,4.0,201162,Jared Dudley,1610612764.0,Washington,Wizards,WAS,0,0,,,,,,0,0,,,,,
286,0021501073,339,1,1,3,8:39 PM,2:11,Wall 27' 3PT Jump Shot (12 PTS),,,79 - 81,2,4.0,202322,John Wall,1610612764.0,Washington,Wizards,WAS,0,0,,,,,,0,0,,,,,
287,0021501073,340,9,2,3,8:39 PM,2:08,,,Timberwolves Timeout: Short (Reg.3 Short 1),,,3.0,1610612750,,,,,,0,0,,,,,,0,0,,,,,
288,0021501073,342,9,1,3,8:39 PM,2:08,WIZARDS Timeout: Regular (Full 3 Short 1),,,,,2.0,1610612764,,,,,,0,0,,,,,,0,0,,,,,
289,0021501073,344,8,0,3,8:41 PM,2:08,SUB: Temple FOR Porter Jr.,,,,,4.0,203490,Otto Porter,1610612764.0,Washington,Wizards,WAS,4,202066,Garrett Temple,1610612764.0,Washington,Wizards,WAS,0,0,,,,,
290,0021501073,345,8,0,3,8:41 PM,2:08,,,SUB: Bjelica FOR Towns,,,5.0,1626157,Karl-Anthony Towns,1610612750.0,Minnesota,Timberwolves,MIN,5,202357,Nemanja Bjelica,1610612750.0,Minnesota,Timberwolves,MIN,0,0,,,,,
291,0021501073,346,6,2,3,8:42 PM,1:52,Temple S.FOUL (P2.PN) (M.Callahan),,,,,4.0,202066,Garrett Temple,1610612764.0,Washington,Wizards,WAS,5,203498,Shabazz Muhammad,1610612750.0,Minnesota,Timberwolves,MIN,1,0,,,,,
292,0021501073,347,3,11,3,8:42 PM,1:52,,,Muhammad Free Throw 1 of 2 (3 PTS),80 - 81,1,5.0,203498,Shabazz Muhammad,1610612750.0,Minnesota,Timberwolves,MIN,0,0,,,,,,0,0,,,,,
293,0021501073,349,8,0,3,8:43 PM,1:52,,,SUB: Prince FOR LaVine,,,5.0,203897,Zach LaVine,1610612750.0,Minnesota,Timberwolves,MIN,5,2419,Tayshaun Prince,1610612750.0,Minnesota,Timberwolves,MIN,0,0,,,,,
294,0021501073,350,3,12,3,8:43 PM,1:52,,,Muhammad Free Throw 2 of 2 (4 PTS),81 - 81,TIE,5.0,203498,Shabazz Muhammad,1610612750.0,Minnesota,Timberwolves,MIN,0,0,,,,,,0,0,,,,,
295,0021501073,353,1,1,3,8:43 PM,1:40,Dudley 20' Jump Shot (10 PTS) (Wall 12 AST),,,81 - 83,2,4.0,201162,Jared Dudley,1610612764.0,Washington,Wizards,WAS,4,202322,John Wall,1610612764.0,Washington,Wizards,WAS,0,0,,,,,
296,0021501073,354,2,1,3,8:43 PM,1:27,,,MISS Jones 11' Jump Shot,,,5.0,1626145,Tyus Jones,1610612750.0,Minnesota,Timberwolves,MIN,0,0,,,,,,0,0,,,,,
297,0021501073,355,4,0,3,8:43 PM,1:26,Gortat REBOUND (Off:2 Def:5),,,,,4.0,101162,Marcin Gortat,1610612764.0,Washington,Wizards,WAS,0,0,,,,,,0,0,,,,,
298,0021501073,356,1,1,3,8:43 PM,1:21,Temple 26' 3PT Jump Shot (3 PTS) (Wall 13 AST),,,81 - 86,5,4.0,202066,Garrett Temple,1610612764.0,Washington,Wizards,WAS,4,202322,John Wall,1610612764.0,Washington,Wizards,WAS,0,0,,,,,
299,0021501073,357,1,1,3,8:44 PM,1:00,,,Prince 5' Jump Shot (4 PTS),83 - 86,3,5.0,2419,Tayshaun Prince,1610612750.0,Minnesota,Timberwolves,MIN,0,0,,,,,,0,0,,,,,
300,0021501073,358,2,1,3,8:44 PM,0:48,MISS Thornton 26' 3PT Jump Shot,,,,,4.0,201977,Marcus Thornton,1610612764.0,Washington,Wizards,WAS,0,0,,,,,,0,0,,,,,
301,0021501073,359,4,0,3,8:44 PM,0:45,,,Muhammad REBOUND (Off:0 Def:1),,,5.0,203498,Shabazz Muhammad,1610612750.0,Minnesota,Timberwolves,MIN,0,0,,,,,,0,0,,,,,
302,0021501073,360,2,1,3,8:44 PM,0:37,,,MISS Muhammad 9' Jump Shot,,,5.0,203498,Shabazz Muhammad,1610612750.0,Minnesota,Timberwolves,MIN,0,0,,,,,,0,0,,,,,
303,0021501073,361,4,0,3,8:44 PM,0:36,Dudley REBOUND (Off:0 Def:2),,,,,4.0,201162,Jared Dudley,1610612764.0,Washington,Wizards,WAS,0,0,,,,,,0,0,,,,,
304,0021501073,362,1,79,3,8:44 PM,0:32,Wall 27' 3PT Pullup Jump Shot (15 PTS) (Dudley 5 AST),,,83 - 89,6,4.0,202322,John Wall,1610612764.0,Washington,Wizards,WAS,4,201162,Jared Dudley,1610612764.0,Washington,Wizards,WAS,0,0,,,,,
305,0021501073,363,1,57,3,8:45 PM,0:13,,,Bjelica 5' Driving Hook Shot (6 PTS) (Jones 5 AST),85 - 89,4,5.0,202357,Nemanja Bjelica,1610612750.0,Minnesota,Timberwolves,MIN,5,1626145,Tyus Jones,1610612750.0,Minnesota,Timberwolves,MIN,0,0,,,,,
306,0021501073,364,6,28,3,8:45 PM,0:07,,,Jones Personal Take Foul (P2.T3) (J.Tiven),,,5.0,1626145,Tyus Jones,1610612750.0,Minnesota,Timberwolves,MIN,4,202322,John Wall,1610612764.0,Washington,Wizards,WAS,1,0,,,,,
307,0021501073,365,2,1,3,8:45 PM,0:01,MISS Wall 27' 3PT Jump Shot,,,,,4.0,202322,John Wall,1610612764.0,Washington,Wizards,WAS,0,0,,,,,,0,0,,,,,
308,0021501073,366,4,0,3,8:45 PM,0:00,,,Muhammad REBOUND (Off:0 Def:2),,,5.0,203498,Shabazz Muhammad,1610612750.0,Minnesota,Timberwolves,MIN,0,0,,,,,,0,0,,,,,
309,0021501073,367,13,0,3,8:45 PM,0:00,,,,85 - 89,4,0.0,0,,,,,,0,0,,,,,,0,0,,,,,
310,0021501073,369,12,0,4,8:48 PM,12:00,,,,85 - 89,4,0.0,0,,,,,,0,0,,,,,,0,0,,,,,
311,0021501073,370,5,1,4,8:48 PM,11:47,Thornton STEAL (2 STL),,Jones Bad Pass Turnover (P1.T7),,,5.0,1626145,Tyus Jones,1610612750.0,Minnesota,Timberwolves,MIN,4,201977,Marcus Thornton,1610612764.0,Washington,Wizards,WAS,0,0,,,,,
312,0021501073,371,1,41,4,8:48 PM,11:43,Thornton 2' Running Layup (3 PTS) (Sessions 2 AST),,,85 - 91,6,4.0,201977,Marcus Thornton,1610612764.0,Washington,Wizards,WAS,4,201196,Ramon Sessions,1610612764.0,Washington,Wizards,WAS,0,0,,,,,
313,0021501073,372,2,1,4,8:49 PM,11:29,,,MISS Prince 24' 3PT Jump Shot,,,5.0,2419,Tayshaun Prince,1610612750.0,Minnesota,Timberwolves,MIN,0,0,,,,,,0,0,,,,,
314,0021501073,373,4,0,4,8:49 PM,11:28,,,Muhammad REBOUND (Off:1 Def:2),,,5.0,203498,Shabazz Muhammad,1610612750.0,Minnesota,Timberwolves,MIN,0,0,,,,,,0,0,,,,,
315,0021501073,374,6,1,4,8:49 PM,11:27,Dudley P.FOUL (P2.T1) (M.Callahan),,,,,4.0,201162,Jared Dudley,1610612764.0,Washington,Wizards,WAS,5,203498,Shabazz Muhammad,1610612750.0,Minnesota,Timberwolves,MIN,1,0,,,,,
316,0021501073,375,2,1,4,8:49 PM,11:11,,,MISS Jones 11' Jump Shot,,,5.0,1626145,Tyus Jones,1610612750.0,Minnesota,Timberwolves,MIN,0,0,,,,,,0,0,,,,,
317,0021501073,376,4,0,4,8:49 PM,11:10,Beal REBOUND (Off:0 Def:2),,,,,4.0,203078,Bradley Beal,1610612764.0,Washington,Wizards,WAS,0,0,,,,,,0,0,,,,,
318,0021501073,377,2,1,4,8:50 PM,10:46,MISS Nene  3PT Jump Shot,,,,,4.0,2403,Nene,1610612764.0,Washington,Wizards,WAS,0,0,,,,,,0,0,,,,,
319,0021501073,378,4,0,4,8:50 PM,10:45,WIZARDS Rebound,,,,,2.0,1610612764,,,,,,0,0,,,,,,0,0,,,,,
320,0021501073,379,5,11,4,8:50 PM,10:45,WIZARDS Turnover: Shot Clock (T#11),,,,,2.0,1610612764,,,,,,0,0,,,,,,1,0,,,,,
321,0021501073,380,6,1,4,8:50 PM,10:35,Sessions P.FOUL (P2.T2) (M.Callahan),,,,,4.0,201196,Ramon Sessions,1610612764.0,Washington,Wizards,WAS,5,203498,Shabazz Muhammad,1610612750.0,Minnesota,Timberwolves,MIN,1,0,,,,,
322,0021501073,381,1,78,4,8:51 PM,10:24,,,Bjelica 4' Floating Jump Shot (8 PTS),87 - 91,4,5.0,202357,Nemanja Bjelica,1610612750.0,Minnesota,Timberwolves,MIN,0,0,,,,,,0,0,,,,,
323,0021501073,382,1,86,4,8:51 PM,10:05,Nene 13' Turnaround Fadeaway (10 PTS),,,87 - 93,6,4.0,2403,Nene,1610612764.0,Washington,Wizards,WAS,0,0,,,,,,0,0,,,,,
324,0021501073,383,2,1,4,8:51 PM,9:41,,,MISS Jones 27' 3PT Jump Shot,,,5.0,1626145,Tyus Jones,1610612750.0,Minnesota,Timberwolves,MIN,0,0,,,,,,0,0,,,,,
325,0021501073,384,4,0,4,8:51 PM,9:40,Beal REBOUND (Off:0 Def:3),,,,,4.0,203078,Bradley Beal,1610612764.0,Washington,Wizards,WAS,0,0,,,,,,0,0,,,,,
326,0021501073,385,1,49,4,8:51 PM,9:37,Sessions  Driving Dunk (4 PTS) (Beal 2 AST),,,87 - 95,8,4.0,201196,Ramon Sessions,1610612764.0,Washington,Wizards,WAS,4,203078,Bradley Beal,1610612764.0,Washington,Wizards,WAS,0,0,,,,,
327,0021501073,386,6,2,4,8:52 PM,9:24,Nene S.FOUL (P3.T3) (J.VanDuyne),,,,,4.0,2403,Nene,1610612764.0,Washington,Wizards,WAS,5,202357,Nemanja Bjelica,1610612750.0,Minnesota,Timberwolves,MIN,1,0,,,,,
328,0021501073,387,3,11,4,8:52 PM,9:24,,,Bjelica Free Throw 1 of 2 (9 PTS),88 - 95,7,5.0,202357,Nemanja Bjelica,1610612750.0,Minnesota,Timberwolves,MIN,0,0,,,,,,0,0,,,,,
329,0021501073,389,8,0,4,8:52 PM,9:24,,,SUB: Towns FOR Smith,,,5.0,202962,Greg Smith,1610612750.0,Minnesota,Timberwolves,MIN,5,1626157,Karl-Anthony Towns,1610612750.0,Minnesota,Timberwolves,MIN,0,0,,,,,
330,0021501073,390,3,12,4,8:52 PM,9:24,,,Bjelica Free Throw 2 of 2 (10 PTS),89 - 95,6,5.0,202357,Nemanja Bjelica,1610612750.0,Minnesota,Timberwolves,MIN,0,0,,,,,,0,0,,,,,
331,0021501073,393,5,2,4,8:53 PM,9:06,Nene Lost Ball Turnover (P1.T12),,Jones STEAL (2 STL),,,4.0,2403,Nene,1610612764.0,Washington,Wizards,WAS,5,1626145,Tyus Jones,1610612750.0,Minnesota,Timberwolves,MIN,0,0,,,,,
332,0021501073,394,1,5,4,8:53 PM,9:00,,,Muhammad 1' Layup (6 PTS) (Jones 6 AST),91 - 95,4,5.0,203498,Shabazz Muhammad,1610612750.0,Minnesota,Timberwolves,MIN,5,1626145,Tyus Jones,1610612750.0,Minnesota,Timberwolves,MIN,0,0,,,,,
333,0021501073,395,6,2,4,8:53 PM,8:37,,,Bjelica S.FOUL (P1.T1) (J.Tiven),,,5.0,202357,Nemanja Bjelica,1610612750.0,Minnesota,Timberwolves,MIN,4,2403,Nene,1610612764.0,Washington,Wizards,WAS,1,0,,,,,
334,0021501073,396,9,4,4,8:54 PM,8:37,,,,,,1.0,0,,,,,,0,0,,,,,,0,0,,,,,
335,0021501073,398,8,0,4,8:56 PM,8:37,,,SUB: Rubio FOR Jones,,,5.0,1626145,Tyus Jones,1610612750.0,Minnesota,Timberwolves,MIN,5,201937,Ricky Rubio,1610612750.0,Minnesota,Timberwolves,MIN,0,0,,,,,
336,0021501073,399,8,0,4,8:56 PM,8:37,SUB: Temple FOR Thornton,,,,,4.0,201977,Marcus Thornton,1610612764.0,Washington,Wizards,WAS,4,202066,Garrett Temple,1610612764.0,Washington,Wizards,WAS,0,0,,,,,
337,0021501073,400,3,11,4,8:56 PM,8:37,Nene Free Throw 1 of 2 (11 PTS),,,91 - 96,5,4.0,2403,Nene,1610612764.0,Washington,Wizards,WAS,0,0,,,,,,0,0,,,,,
338,0021501073,402,3,12,4,8:56 PM,8:37,Nene Free Throw 2 of 2 (12 PTS),,,91 - 97,6,4.0,2403,Nene,1610612764.0,Washington,Wizards,WAS,0,0,,,,,,0,0,,,,,
339,0021501073,404,2,1,4,8:57 PM,8:17,,,MISS Towns 10' Jump Shot,,,5.0,1626157,Karl-Anthony Towns,1610612750.0,Minnesota,Timberwolves,MIN,0,0,,,,,,0,0,,,,,
340,0021501073,405,4,0,4,8:57 PM,8:16,,,Prince REBOUND (Off:1 Def:2),,,5.0,2419,Tayshaun Prince,1610612750.0,Minnesota,Timberwolves,MIN,0,0,,,,,,0,0,,,,,
341,0021501073,406,5,1,4,8:57 PM,8:12,Beal STEAL (1 STL),,Prince Bad Pass Turnover (P1.T8),,,5.0,2419,Tayshaun Prince,1610612750.0,Minnesota,Timberwolves,MIN,4,203078,Bradley Beal,1610612764.0,Washington,Wizards,WAS,0,0,,,,,
342,0021501073,407,1,49,4,8:57 PM,8:09,Sessions  Driving Dunk (6 PTS) (Beal 3 AST),,,91 - 99,8,4.0,201196,Ramon Sessions,1610612764.0,Washington,Wizards,WAS,4,203078,Bradley Beal,1610612764.0,Washington,Wizards,WAS,0,0,,,,,
343,0021501073,408,5,4,4,8:57 PM,7:53,,,Muhammad Traveling Turnover (P2.T9),,,5.0,203498,Shabazz Muhammad,1610612750.0,Minnesota,Timberwolves,MIN,0,0,,,,,,1,0,,,,,
344,0021501073,409,8,0,4,8:58 PM,7:53,,,SUB: LaVine FOR Bjelica,,,5.0,202357,Nemanja Bjelica,1610612750.0,Minnesota,Timberwolves,MIN,5,203897,Zach LaVine,1610612750.0,Minnesota,Timberwolves,MIN,0,0,,,,,
345,0021501073,410,8,0,4,8:58 PM,7:53,,,SUB: Wiggins FOR Muhammad,,,5.0,203498,Shabazz Muhammad,1610612750.0,Minnesota,Timberwolves,MIN,5,203952,Andrew Wiggins,1610612750.0,Minnesota,Timberwolves,MIN,0,0,,,,,
346,0021501073,411,8,0,4,8:58 PM,7:53,,,SUB: Dieng FOR Prince,,,5.0,2419,Tayshaun Prince,1610612750.0,Minnesota,Timberwolves,MIN,5,203476,Gorgui Dieng,1610612750.0,Minnesota,Timberwolves,MIN,0,0,,,,,
347,0021501073,414,5,40,4,8:58 PM,7:39,Beal Out of Bounds Lost Ball Turnover (P1.T13),,,,,4.0,203078,Bradley Beal,1610612764.0,Washington,Wizards,WAS,0,0,,,,,,1,0,,,,,
348,0021501073,415,1,1,4,8:59 PM,7:16,,,Rubio 21' Jump Shot (11 PTS),93 - 99,6,5.0,201937,Ricky Rubio,1610612750.0,Minnesota,Timberwolves,MIN,0,0,,,,,,0,0,,,,,
349,0021501073,416,5,45,4,8:59 PM,7:02,Beal Out of Bounds - Bad Pass Turnover Turnover (P2.T14),,,,,4.0,203078,Bradley Beal,1610612764.0,Washington,Wizards,WAS,0,0,,,,,,1,0,,,,,
350,0021501073,417,8,0,4,8:59 PM,7:02,SUB: Wall FOR Sessions,,,,,4.0,201196,Ramon Sessions,1610612764.0,Washington,Wizards,WAS,4,202322,John Wall,1610612764.0,Washington,Wizards,WAS,0,0,,,,,
351,0021501073,418,2,1,4,9:00 PM,6:50,,,MISS Wiggins 26' 3PT Jump Shot,,,5.0,203952,Andrew Wiggins,1610612750.0,Minnesota,Timberwolves,MIN,0,0,,,,,,0,0,,,,,
352,0021501073,419,4,0,4,9:00 PM,6:49,Dudley REBOUND (Off:0 Def:3),,,,,4.0,201162,Jared Dudley,1610612764.0,Washington,Wizards,WAS,0,0,,,,,,0,0,,,,,
353,0021501073,420,2,1,4,9:00 PM,6:37,MISS Wall 18' Jump Shot,,,,,4.0,202322,John Wall,1610612764.0,Washington,Wizards,WAS,0,0,,,,,,0,0,,,,,
354,0021501073,421,4,0,4,9:00 PM,6:36,,,Towns REBOUND (Off:1 Def:6),,,5.0,1626157,Karl-Anthony Towns,1610612750.0,Minnesota,Timberwolves,MIN,0,0,,,,,,0,0,,,,,
355,0021501073,422,2,1,4,9:00 PM,6:19,,,MISS Dieng 16' Jump Shot,,,5.0,203476,Gorgui Dieng,1610612750.0,Minnesota,Timberwolves,MIN,0,0,,,,,,0,0,,,,,
356,0021501073,423,4,0,4,9:00 PM,6:18,Nene REBOUND (Off:0 Def:3),,,,,4.0,2403,Nene,1610612764.0,Washington,Wizards,WAS,0,0,,,,,,0,0,,,,,
357,0021501073,424,6,28,4,9:00 PM,6:13,,,Rubio Personal Take Foul (P2.T2) (J.VanDuyne),,,5.0,201937,Ricky Rubio,1610612750.0,Minnesota,Timberwolves,MIN,4,202322,John Wall,1610612764.0,Washington,Wizards,WAS,1,0,,,,,
358,0021501073,425,8,0,4,9:00 PM,6:13,SUB: Gortat FOR Nene,,,,,4.0,2403,Nene,1610612764.0,Washington,Wizards,WAS,4,101162,Marcin Gortat,1610612764.0,Washington,Wizards,WAS,0,0,,,,,
359,0021501073,426,8,0,4,9:01 PM,6:13,SUB: Porter Jr. FOR Beal,,,,,4.0,203078,Bradley Beal,1610612764.0,Washington,Wizards,WAS,4,203490,Otto Porter,1610612764.0,Washington,Wizards,WAS,0,0,,,,,
360,0021501073,428,2,1,4,9:01 PM,5:59,MISS Temple 27' 3PT Jump Shot,,,,,4.0,202066,Garrett Temple,1610612764.0,Washington,Wizards,WAS,0,0,,,,,,0,0,,,,,
361,0021501073,429,4,0,4,9:01 PM,5:58,,,Timberwolves Rebound,,,3.0,1610612750,,,,,,0,0,,,,,,0,0,,,,,
362,0021501073,430,9,1,4,9:01 PM,5:58,WIZARDS Timeout: Regular (Full 4 Short 1),,,,,2.0,1610612764,,,,,,0,0,,,,,,0,0,,,,,
363,0021501073,432,1,1,4,9:04 PM,5:42,,,Rubio 19' Jump Shot (13 PTS),95 - 99,4,5.0,201937,Ricky Rubio,1610612750.0,Minnesota,Timberwolves,MIN,0,0,,,,,,0,0,,,,,
364,0021501073,433,2,5,4,9:04 PM,5:25,MISS Porter Jr.  Layup,,,,,4.0,203490,Otto Porter,1610612764.0,Washington,Wizards,WAS,0,0,,,,,,0,0,,,,,
365,0021501073,434,4,0,4,9:04 PM,5:24,,,Towns REBOUND (Off:1 Def:7),,,5.0,1626157,Karl-Anthony Towns,1610612750.0,Minnesota,Timberwolves,MIN,0,0,,,,,,0,0,,,,,
366,0021501073,435,1,1,4,9:04 PM,5:13,,,Towns 19' Jump Shot (16 PTS) (Rubio 3 AST),97 - 99,2,5.0,1626157,Karl-Anthony Towns,1610612750.0,Minnesota,Timberwolves,MIN,5,201937,Ricky Rubio,1610612750.0,Minnesota,Timberwolves,MIN,0,0,,,,,
367,0021501073,436,1,58,4,9:05 PM,4:51,Gortat 8' Turnaround Hook Shot (15 PTS),,,97 - 101,4,4.0,101162,Marcin Gortat,1610612764.0,Washington,Wizards,WAS,0,0,,,,,,0,0,,,,,
368,0021501073,437,2,1,4,9:05 PM,4:35,,,MISS LaVine 25' 3PT Jump Shot,,,5.0,203897,Zach LaVine,1610612750.0,Minnesota,Timberwolves,MIN,0,0,,,,,,0,0,,,,,
369,0021501073,438,4,0,4,9:05 PM,4:33,Porter Jr. REBOUND (Off:3 Def:7),,,,,4.0,203490,Otto Porter,1610612764.0,Washington,Wizards,WAS,0,0,,,,,,0,0,,,,,
370,0021501073,439,6,1,4,9:05 PM,4:20,,,Rubio P.FOUL (P3.T3) (J.Tiven),,,5.0,201937,Ricky Rubio,1610612750.0,Minnesota,Timberwolves,MIN,4,101162,Marcin Gortat,1610612764.0,Washington,Wizards,WAS,1,0,,,,,
371,0021501073,440,8,0,4,9:05 PM,4:20,SUB: Beal FOR Temple,,,,,4.0,202066,Garrett Temple,1610612764.0,Washington,Wizards,WAS,4,203078,Bradley Beal,1610612764.0,Washington,Wizards,WAS,0,0,,,,,
372,0021501073,442,1,1,4,9:06 PM,4:11,Wall 26' 3PT Jump Shot (18 PTS) (Beal 4 AST),,,97 - 104,7,4.0,202322,John Wall,1610612764.0,Washington,Wizards,WAS,4,203078,Bradley Beal,1610612764.0,Washington,Wizards,WAS,0,0,,,,,
373,0021501073,443,6,26,4,9:06 PM,3:55,,,Towns Offensive Charge Foul (P2.T4) (J.Tiven),,,5.0,1626157,Karl-Anthony Towns,1610612750.0,Minnesota,Timberwolves,MIN,4,201162,Jared Dudley,1610612764.0,Washington,Wizards,WAS,1,0,,,,,
374,0021501073,444,5,5,4,9:06 PM,3:55,,,Towns Foul Turnover (P3.T10),,,5.0,1626157,Karl-Anthony Towns,1610612750.0,Minnesota,Timberwolves,MIN,0,0,,,,,,1,0,,,,,
375,0021501073,445,2,1,4,9:07 PM,3:37,MISS Dudley 18' Jump Shot,,,,,4.0,201162,Jared Dudley,1610612764.0,Washington,Wizards,WAS,0,0,,,,,,0,0,,,,,
376,0021501073,446,4,0,4,9:07 PM,3:36,,,Wiggins REBOUND (Off:1 Def:4),,,5.0,203952,Andrew Wiggins,1610612750.0,Minnesota,Timberwolves,MIN,0,0,,,,,,0,0,,,,,
377,0021501073,447,6,2,4,9:07 PM,3:29,Porter Jr. S.FOUL (P4.T4) (J.Tiven),,,,,4.0,203490,Otto Porter,1610612764.0,Washington,Wizards,WAS,5,203952,Andrew Wiggins,1610612750.0,Minnesota,Timberwolves,MIN,1,0,,,,,
378,0021501073,448,3,11,4,9:07 PM,3:29,,,Wiggins Free Throw 1 of 2 (9 PTS),98 - 104,6,5.0,203952,Andrew Wiggins,1610612750.0,Minnesota,Timberwolves,MIN,0,0,,,,,,0,0,,,,,
379,0021501073,450,3,12,4,9:07 PM,3:29,,,Wiggins Free Throw 2 of 2 (10 PTS),99 - 104,5,5.0,203952,Andrew Wiggins,1610612750.0,Minnesota,Timberwolves,MIN,0,0,,,,,,0,0,,,,,
380,0021501073,453,1,79,4,9:08 PM,3:05,Wall 19' Pullup Jump Shot (20 PTS) (Dudley 6 AST),,,99 - 106,7,4.0,202322,John Wall,1610612764.0,Washington,Wizards,WAS,4,201162,Jared Dudley,1610612764.0,Washington,Wizards,WAS,0,0,,,,,
381,0021501073,454,1,7,4,9:09 PM,2:48,,,Towns  Dunk (18 PTS) (LaVine 3 AST),101 - 106,5,5.0,1626157,Karl-Anthony Towns,1610612750.0,Minnesota,Timberwolves,MIN,5,203897,Zach LaVine,1610612750.0,Minnesota,Timberwolves,MIN,0,0,,,,,
382,0021501073,455,1,78,4,9:09 PM,2:23,Wall 5' Floating Jump Shot (22 PTS),,,101 - 108,7,4.0,202322,John Wall,1610612764.0,Washington,Wizards,WAS,0,0,,,,,,0,0,,,,,
383,0021501073,456,9,1,4,9:09 PM,2:21,,,Timberwolves Timeout: Regular (Reg.4 Short 1),,,3.0,1610612750,,,,,,0,0,,,,,,0,0,,,,,
384,0021501073,458,8,0,4,9:11 PM,2:21,SUB: Nene FOR Dudley,,,,,4.0,201162,Jared Dudley,1610612764.0,Washington,Wizards,WAS,4,2403,Nene,1610612764.0,Washington,Wizards,WAS,0,0,,,,,
385,0021501073,459,6,2,4,9:12 PM,2:11,Gortat S.FOUL (P2.PN) (M.Callahan),,,,,4.0,101162,Marcin Gortat,1610612764.0,Washington,Wizards,WAS,5,203952,Andrew Wiggins,1610612750.0,Minnesota,Timberwolves,MIN,1,0,,,,,
386,0021501073,460,3,11,4,9:12 PM,2:11,,,Wiggins Free Throw 1 of 2 (11 PTS),102 - 108,6,5.0,203952,Andrew Wiggins,1610612750.0,Minnesota,Timberwolves,MIN,0,0,,,,,,0,0,,,,,
387,0021501073,462,8,0,4,9:12 PM,2:11,SUB: Dudley FOR Nene,,,,,4.0,2403,Nene,1610612764.0,Washington,Wizards,WAS,4,201162,Jared Dudley,1610612764.0,Washington,Wizards,WAS,0,0,,,,,
388,0021501073,463,3,12,4,9:12 PM,2:11,,,Wiggins Free Throw 2 of 2 (12 PTS),103 - 108,5,5.0,203952,Andrew Wiggins,1610612750.0,Minnesota,Timberwolves,MIN,0,0,,,,,,0,0,,,,,
389,0021501073,465,6,1,4,9:13 PM,2:02,,,Rubio P.FOUL (P4.PN) (J.VanDuyne),,,5.0,201937,Ricky Rubio,1610612750.0,Minnesota,Timberwolves,MIN,4,202322,John Wall,1610612764.0,Washington,Wizards,WAS,1,0,,,,,
390,0021501073,466,2,1,4,9:13 PM,1:48,MISS Wall 26' 3PT Jump Shot,,,,,4.0,202322,John Wall,1610612764.0,Washington,Wizards,WAS,0,0,,,,,,0,0,,,,,
391,0021501073,467,4,0,4,9:13 PM,1:47,Gortat REBOUND (Off:3 Def:5),,,,,4.0,101162,Marcin Gortat,1610612764.0,Washington,Wizards,WAS,0,0,,,,,,0,0,,,,,
392,0021501073,468,2,1,4,9:14 PM,1:29,MISS Wall 18' Jump Shot,,,,,4.0,202322,John Wall,1610612764.0,Washington,Wizards,WAS,0,0,,,,,,0,0,,,,,
393,0021501073,469,4,0,4,9:14 PM,1:28,,,Wiggins REBOUND (Off:1 Def:5),,,5.0,203952,Andrew Wiggins,1610612750.0,Minnesota,Timberwolves,MIN,0,0,,,,,,0,0,,,,,
394,0021501073,470,2,1,4,9:14 PM,1:18,,,MISS Rubio 27' 3PT Jump Shot,,,5.0,201937,Ricky Rubio,1610612750.0,Minnesota,Timberwolves,MIN,0,0,,,,,,0,0,,,,,
395,0021501073,471,4,0,4,9:14 PM,1:17,Gortat REBOUND (Off:3 Def:6),,,,,4.0,101162,Marcin Gortat,1610612764.0,Washington,Wizards,WAS,0,0,,,,,,0,0,,,,,
396,0021501073,472,2,1,4,9:14 PM,1:11,MISS Beal 27' 3PT Jump Shot,,,,,4.0,203078,Bradley Beal,1610612764.0,Washington,Wizards,WAS,0,0,,,,,,0,0,,,,,
397,0021501073,473,4,0,4,9:14 PM,1:09,,,Rubio REBOUND (Off:0 Def:3),,,5.0,201937,Ricky Rubio,1610612750.0,Minnesota,Timberwolves,MIN,0,0,,,,,,0,0,,,,,
398,0021501073,474,1,42,4,9:14 PM,1:05,,,Dieng 1' Driving Layup (10 PTS) (Rubio 4 AST),105 - 108,3,5.0,203476,Gorgui Dieng,1610612750.0,Minnesota,Timberwolves,MIN,5,201937,Ricky Rubio,1610612750.0,Minnesota,Timberwolves,MIN,0,0,,,,,
399,0021501073,475,6,2,4,9:14 PM,1:05,Beal S.FOUL (P2.PN) (J.VanDuyne),,,,,4.0,203078,Bradley Beal,1610612764.0,Washington,Wizards,WAS,5,203476,Gorgui Dieng,1610612750.0,Minnesota,Timberwolves,MIN,1,0,,,,,
400,0021501073,476,3,10,4,9:15 PM,1:05,,,Dieng Free Throw 1 of 1 (11 PTS),106 - 108,2,5.0,203476,Gorgui Dieng,1610612750.0,Minnesota,Timberwolves,MIN,0,0,,,,,,0,0,,,,,
401,0021501073,479,5,11,4,9:15 PM,0:41,WIZARDS Turnover: Shot Clock (T#15),,,,,2.0,1610612764,,,,,,0,0,,,,,,1,0,,,,,
402,0021501073,480,9,2,4,9:15 PM,0:41,,,Timberwolves Timeout: Short (Reg.4 Short 2),,,3.0,1610612750,,,,,,0,0,,,,,,0,0,,,,,
403,0021501073,482,8,0,4,9:16 PM,0:41,SUB: Nene FOR Dudley,,,,,4.0,201162,Jared Dudley,1610612764.0,Washington,Wizards,WAS,4,2403,Nene,1610612764.0,Washington,Wizards,WAS,0,0,,,,,
404,0021501073,483,5,1,4,9:17 PM,0:30,Nene STEAL (1 STL),,Wiggins Bad Pass Turnover (P2.T11),,,5.0,203952,Andrew Wiggins,1610612750.0,Minnesota,Timberwolves,MIN,4,2403,Nene,1610612764.0,Washington,Wizards,WAS,0,0,,,,,
405,0021501073,484,6,3,4,9:17 PM,0:30,,,Towns L.B.FOUL (P3.PN) (J.VanDuyne),,,5.0,1626157,Karl-Anthony Towns,1610612750.0,Minnesota,Timberwolves,MIN,4,2403,Nene,1610612764.0,Washington,Wizards,WAS,1,0,,,,,
406,0021501073,485,3,11,4,9:17 PM,0:30,MISS Nene Free Throw 1 of 2,,,,,4.0,2403,Nene,1610612764.0,Washington,Wizards,WAS,0,0,,,,,,0,0,,,,,
407,0021501073,486,4,1,4,9:17 PM,0:30,WIZARDS Rebound,,,,,2.0,1610612764,,,,,,0,0,,,,,,0,0,,,,,
408,0021501073,487,3,12,4,9:18 PM,0:30,Nene Free Throw 2 of 2 (13 PTS),,,106 - 109,3,4.0,2403,Nene,1610612764.0,Washington,Wizards,WAS,0,0,,,,,,0,0,,,,,
409,0021501073,490,1,1,4,9:18 PM,0:19,,,Dieng 24' 3PT Jump Shot (14 PTS) (Wiggins 2 AST),109 - 109,TIE,5.0,203476,Gorgui Dieng,1610612750.0,Minnesota,Timberwolves,MIN,5,203952,Andrew Wiggins,1610612750.0,Minnesota,Timberwolves,MIN,0,0,,,,,
410,0021501073,491,9,1,4,9:18 PM,0:19,WIZARDS Timeout: Regular (Full 5 Short 1),,,,,2.0,1610612764,,,,,,0,0,,,,,,0,0,,,,,
411,0021501073,493,8,0,4,9:20 PM,0:19,SUB: Dudley FOR Nene,,,,,4.0,2403,Nene,1610612764.0,Washington,Wizards,WAS,4,201162,Jared Dudley,1610612764.0,Washington,Wizards,WAS,0,0,,,,,
412,0021501073,494,8,0,4,9:20 PM,0:19,,,SUB: Prince FOR Towns,,,5.0,1626157,Karl-Anthony Towns,1610612750.0,Minnesota,Timberwolves,MIN,5,2419,Tayshaun Prince,1610612750.0,Minnesota,Timberwolves,MIN,0,0,,,,,
413,0021501073,495,2,5,4,9:21 PM,0:03,MISS Wall  Layup,,,,,4.0,202322,John Wall,1610612764.0,Washington,Wizards,WAS,0,0,,,,,,0,0,,,,,
414,0021501073,496,4,0,4,9:21 PM,0:02,Gortat REBOUND (Off:4 Def:6),,,,,4.0,101162,Marcin Gortat,1610612764.0,Washington,Wizards,WAS,0,0,,,,,,0,0,,,,,
415,0021501073,497,2,1,4,9:21 PM,0:01,MISS Beal 27' 3PT Jump Shot,,,,,4.0,203078,Bradley Beal,1610612764.0,Washington,Wizards,WAS,0,0,,,,,,0,0,,,,,
416,0021501073,498,4,0,4,9:21 PM,0:00,Porter Jr. REBOUND (Off:4 Def:7),,,,,4.0,203490,Otto Porter,1610612764.0,Washington,Wizards,WAS,0,0,,,,,,0,0,,,,,
417,0021501073,499,13,0,4,9:22 PM,0:00,,,,109 - 109,TIE,0.0,0,,,,,,0,0,,,,,,0,0,,,,,
418,0021501073,501,12,0,5,9:24 PM,5:00,,,,109 - 109,TIE,0.0,0,,,,,,0,0,,,,,,0,0,,,,,
419,0021501073,502,10,0,5,9:24 PM,5:00,Jump Ball Gortat vs. Towns: Tip to Beal,,,,,4.0,101162,Marcin Gortat,1610612764.0,Washington,Wizards,WAS,5,1626157,Karl-Anthony Towns,1610612750.0,Minnesota,Timberwolves,MIN,4,203078,Bradley Beal,1610612764.0,Washington,Wizards,WAS
420,0021501073,503,1,1,5,9:24 PM,4:42,Nene 16' Jump Shot (15 PTS) (Beal 5 AST),,,109 - 111,2,4.0,2403,Nene,1610612764.0,Washington,Wizards,WAS,4,203078,Bradley Beal,1610612764.0,Washington,Wizards,WAS,0,0,,,,,
421,0021501073,505,5,40,5,9:25 PM,4:20,,,Towns Out of Bounds Lost Ball Turnover (P4.T12),,,5.0,1626157,Karl-Anthony Towns,1610612750.0,Minnesota,Timberwolves,MIN,0,0,,,,,,1,0,,,,,
422,0021501073,506,5,40,5,9:25 PM,3:57,Gortat Out of Bounds Lost Ball Turnover (P5.T16),,,,,4.0,101162,Marcin Gortat,1610612764.0,Washington,Wizards,WAS,0,0,,,,,,1,0,,,,,
423,0021501073,507,1,42,5,9:26 PM,3:40,,,Wiggins 3' Driving Layup (14 PTS),111 - 111,TIE,5.0,203952,Andrew Wiggins,1610612750.0,Minnesota,Timberwolves,MIN,0,0,,,,,,0,0,,,,,
424,0021501073,508,2,1,5,9:26 PM,3:14,MISS Nene 17' Jump Shot,,,,,4.0,2403,Nene,1610612764.0,Washington,Wizards,WAS,0,0,,,,,,0,0,,,,,
425,0021501073,509,4,0,5,9:26 PM,3:13,,,Towns REBOUND (Off:1 Def:8),,,5.0,1626157,Karl-Anthony Towns,1610612750.0,Minnesota,Timberwolves,MIN,0,0,,,,,,0,0,,,,,
426,0021501073,510,1,1,5,9:26 PM,3:02,,,Towns 18' Jump Shot (20 PTS) (Rubio 5 AST),113 - 111,-2,5.0,1626157,Karl-Anthony Towns,1610612750.0,Minnesota,Timberwolves,MIN,5,201937,Ricky Rubio,1610612750.0,Minnesota,Timberwolves,MIN,0,0,,,,,
427,0021501073,511,1,109,5,9:27 PM,2:44,Nene  Driving Reverse Dunk Shot (17 PTS),,,113 - 113,TIE,4.0,2403,Nene,1610612764.0,Washington,Wizards,WAS,0,0,,,,,,0,0,,,,,
428,0021501073,512,1,1,5,9:27 PM,2:21,,,Towns 20' Jump Shot (22 PTS) (Wiggins 3 AST),115 - 113,-2,5.0,1626157,Karl-Anthony Towns,1610612750.0,Minnesota,Timberwolves,MIN,5,203952,Andrew Wiggins,1610612750.0,Minnesota,Timberwolves,MIN,0,0,,,,,
429,0021501073,513,2,1,5,9:27 PM,2:07,MISS Wall 21' Jump Shot,,,,,4.0,202322,John Wall,1610612764.0,Washington,Wizards,WAS,0,0,,,,,,0,0,,,,,
430,0021501073,514,4,0,5,9:27 PM,2:06,Gortat REBOUND (Off:5 Def:6),,,,,4.0,101162,Marcin Gortat,1610612764.0,Washington,Wizards,WAS,0,0,,,,,,0,0,,,,,
431,0021501073,515,6,2,5,9:27 PM,2:06,,,Dieng S.FOUL (P3.T1) (J.VanDuyne),,,5.0,203476,Gorgui Dieng,1610612750.0,Minnesota,Timberwolves,MIN,4,101162,Marcin Gortat,1610612764.0,Washington,Wizards,WAS,1,0,,,,,
432,0021501073,516,9,1,5,9:28 PM,2:06,,,Timberwolves Timeout: Regular (Reg.5 Short 2),,,3.0,1610612750,,,,,,0,0,,,,,,0,0,,,,,
433,0021501073,518,3,11,5,9:29 PM,2:06,Gortat Free Throw 1 of 2 (16 PTS),,,115 - 114,-1,4.0,101162,Marcin Gortat,1610612764.0,Washington,Wizards,WAS,0,0,,,,,,0,0,,,,,
434,0021501073,520,3,12,5,9:30 PM,2:06,Gortat Free Throw 2 of 2 (17 PTS),,,115 - 115,TIE,4.0,101162,Marcin Gortat,1610612764.0,Washington,Wizards,WAS,0,0,,,,,,0,0,,,,,
435,0021501073,522,2,5,5,9:30 PM,1:51,,,MISS Wiggins 2' Layup,,,5.0,203952,Andrew Wiggins,1610612750.0,Minnesota,Timberwolves,MIN,0,0,,,,,,0,0,,,,,
436,0021501073,523,4,0,5,9:30 PM,1:50,,,Dieng REBOUND (Off:1 Def:6),,,5.0,203476,Gorgui Dieng,1610612750.0,Minnesota,Timberwolves,MIN,0,0,,,,,,0,0,,,,,
437,0021501073,524,2,5,5,9:30 PM,1:48,Porter Jr. BLOCK (1 BLK),,MISS Dieng 1' Layup,,,5.0,203476,Gorgui Dieng,1610612750.0,Minnesota,Timberwolves,MIN,0,0,,,,,,4,203490,Otto Porter,1610612764.0,Washington,Wizards,WAS
438,0021501073,527,4,0,5,9:30 PM,1:45,Porter Jr. REBOUND (Off:4 Def:8),,,,,4.0,203490,Otto Porter,1610612764.0,Washington,Wizards,WAS,0,0,,,,,,0,0,,,,,
439,0021501073,526,9,2,5,9:30 PM,1:45,WIZARDS Timeout: Short (Full 5 Short 2),,,,,2.0,1610612764,,,,,,0,0,,,,,,0,0,,,,,
440,0021501073,529,2,1,5,9:32 PM,1:29,MISS Beal 19' Jump Shot,,,,,4.0,203078,Bradley Beal,1610612764.0,Washington,Wizards,WAS,0,0,,,,,,0,0,,,,,
441,0021501073,530,4,0,5,9:32 PM,1:28,Gortat REBOUND (Off:6 Def:6),,,,,4.0,101162,Marcin Gortat,1610612764.0,Washington,Wizards,WAS,0,0,,,,,,0,0,,,,,
442,0021501073,532,6,1,5,9:32 PM,1:15,,,Dieng P.FOUL (P4.T2) (J.Tiven),,,5.0,203476,Gorgui Dieng,1610612750.0,Minnesota,Timberwolves,MIN,4,101162,Marcin Gortat,1610612764.0,Washington,Wizards,WAS,1,0,,,,,
443,0021501073,533,1,5,5,9:33 PM,1:14,Beal 1' Layup (18 PTS) (Wall 14 AST),,,115 - 117,2,4.0,203078,Bradley Beal,1610612764.0,Washington,Wizards,WAS,4,202322,John Wall,1610612764.0,Washington,Wizards,WAS,0,0,,,,,
444,0021501073,534,6,1,5,9:33 PM,1:03,Nene P.FOUL (P4.T1) (M.Callahan),,,,,4.0,2403,Nene,1610612764.0,Washington,Wizards,WAS,5,203952,Andrew Wiggins,1610612750.0,Minnesota,Timberwolves,MIN,1,0,,,,,
445,0021501073,535,5,1,5,9:33 PM,1:02,Wall STEAL (2 STL),,LaVine Bad Pass Turnover (P1.T13),,,5.0,203897,Zach LaVine,1610612750.0,Minnesota,Timberwolves,MIN,4,202322,John Wall,1610612764.0,Washington,Wizards,WAS,0,0,,,,,
446,0021501073,536,2,1,5,9:34 PM,0:44,MISS Wall 18' Jump Shot,,,,,4.0,202322,John Wall,1610612764.0,Washington,Wizards,WAS,0,0,,,,,,0,0,,,,,
447,0021501073,537,4,0,5,9:34 PM,0:43,Gortat REBOUND (Off:7 Def:6),,,,,4.0,101162,Marcin Gortat,1610612764.0,Washington,Wizards,WAS,0,0,,,,,,0,0,,,,,
448,0021501073,538,1,1,5,9:34 PM,0:27,Nene 15' Jump Shot (19 PTS) (Gortat 2 AST),,,115 - 119,4,4.0,2403,Nene,1610612764.0,Washington,Wizards,WAS,4,101162,Marcin Gortat,1610612764.0,Washington,Wizards,WAS,0,0,,,,,
449,0021501073,539,9,1,5,9:34 PM,0:27,,,Timberwolves Timeout: Regular (Reg.6 Short 2),,,3.0,1610612750,,,,,,0,0,,,,,,0,0,,,,,
450,0021501073,542,1,1,5,9:36 PM,0:23,,,LaVine 25' 3PT Jump Shot (22 PTS) (Rubio 6 AST),118 - 119,1,5.0,203897,Zach LaVine,1610612750.0,Minnesota,Timberwolves,MIN,5,201937,Ricky Rubio,1610612750.0,Minnesota,Timberwolves,MIN,0,0,,,,,
451,0021501073,543,6,28,5,9:36 PM,0:21,,,Rubio Personal Take Foul (P5.PN) (J.VanDuyne),,,5.0,201937,Ricky Rubio,1610612750.0,Minnesota,Timberwolves,MIN,4,203078,Bradley Beal,1610612764.0,Washington,Wizards,WAS,1,0,,,,,
452,0021501073,544,3,11,5,9:37 PM,0:21,Beal Free Throw 1 of 2 (19 PTS),,,118 - 120,2,4.0,203078,Bradley Beal,1610612764.0,Washington,Wizards,WAS,0,0,,,,,,0,0,,,,,
453,0021501073,546,3,12,5,9:37 PM,0:21,Beal Free Throw 2 of 2 (20 PTS),,,118 - 121,3,4.0,203078,Bradley Beal,1610612764.0,Washington,Wizards,WAS,0,0,,,,,,0,0,,,,,
454,0021501073,548,1,79,5,9:38 PM,0:11,,,LaVine 29' 3PT Pullup Jump Shot (25 PTS) (Dieng 5 AST),121 - 121,TIE,5.0,203897,Zach LaVine,1610612750.0,Minnesota,Timberwolves,MIN,5,203476,Gorgui Dieng,1610612750.0,Minnesota,Timberwolves,MIN,0,0,,,,,
455,0021501073,549,9,1,5,9:38 PM,0:11,WIZARDS Timeout: Regular (Full 6 Short 2),,,,,2.0,1610612764,,,,,,0,0,,,,,,0,0,,,,,
456,0021501073,551,2,1,5,9:40 PM,0:00,MISS Beal 23' Jump Shot,,,,,4.0,203078,Bradley Beal,1610612764.0,Washington,Wizards,WAS,0,0,,,,,,0,0,,,,,
457,0021501073,552,4,0,5,9:40 PM,0:00,,,Rubio REBOUND (Off:0 Def:4),,,5.0,201937,Ricky Rubio,1610612750.0,Minnesota,Timberwolves,MIN,0,0,,,,,,0,0,,,,,
458,0021501073,553,13,0,5,9:40 PM,0:00,,,,121 - 121,TIE,0.0,0,,,,,,0,0,,,,,,0,0,,,,,
459,0021501073,555,12,0,6,9:42 PM,5:00,,,,121 - 121,TIE,0.0,0,,,,,,0,0,,,,,,0,0,,,,,
460,0021501073,556,10,0,6,9:43 PM,4:59,Jump Ball Gortat vs. Towns: Tip to Dieng,,,,,4.0,101162,Marcin Gortat,1610612764.0,Washington,Wizards,WAS,5,1626157,Karl-Anthony Towns,1610612750.0,Minnesota,Timberwolves,MIN,5,203476,Gorgui Dieng,1610612750.0,Minnesota,Timberwolves,MIN
461,0021501073,557,2,1,6,9:43 PM,4:34,,,MISS Wiggins 20' Jump Shot,,,5.0,203952,Andrew Wiggins,1610612750.0,Minnesota,Timberwolves,MIN,0,0,,,,,,0,0,,,,,
462,0021501073,558,4,0,6,9:43 PM,4:33,Porter Jr. REBOUND (Off:4 Def:9),,,,,4.0,203490,Otto Porter,1610612764.0,Washington,Wizards,WAS,0,0,,,,,,0,0,,,,,
463,0021501073,559,2,1,6,9:44 PM,4:10,MISS Wall 18' Jump Shot,,,,,4.0,202322,John Wall,1610612764.0,Washington,Wizards,WAS,0,0,,,,,,0,0,,,,,
464,0021501073,560,4,0,6,9:44 PM,4:09,,,Rubio REBOUND (Off:0 Def:5),,,5.0,201937,Ricky Rubio,1610612750.0,Minnesota,Timberwolves,MIN,0,0,,,,,,0,0,,,,,
465,0021501073,561,2,1,6,9:44 PM,3:49,,,MISS Rubio 21' Jump Shot,,,5.0,201937,Ricky Rubio,1610612750.0,Minnesota,Timberwolves,MIN,0,0,,,,,,0,0,,,,,
466,0021501073,562,4,0,6,9:44 PM,3:48,Beal REBOUND (Off:0 Def:4),,,,,4.0,203078,Bradley Beal,1610612764.0,Washington,Wizards,WAS,0,0,,,,,,0,0,,,,,
467,0021501073,563,1,1,6,9:44 PM,3:33,Beal 26' 3PT Jump Shot (23 PTS) (Wall 15 AST),,,121 - 124,3,4.0,203078,Bradley Beal,1610612764.0,Washington,Wizards,WAS,4,202322,John Wall,1610612764.0,Washington,Wizards,WAS,0,0,,,,,
468,0021501073,564,1,1,6,9:45 PM,3:05,,,Towns 27' 3PT Jump Shot (25 PTS) (Rubio 7 AST),124 - 124,TIE,5.0,1626157,Karl-Anthony Towns,1610612750.0,Minnesota,Timberwolves,MIN,5,201937,Ricky Rubio,1610612750.0,Minnesota,Timberwolves,MIN,0,0,,,,,
469,0021501073,565,1,1,6,9:45 PM,2:50,Beal 27' 3PT Jump Shot (26 PTS) (Wall 16 AST),,,124 - 127,3,4.0,203078,Bradley Beal,1610612764.0,Washington,Wizards,WAS,4,202322,John Wall,1610612764.0,Washington,Wizards,WAS,0,0,,,,,
470,0021501073,566,9,2,6,9:45 PM,2:48,,,Timberwolves Timeout: Short (Reg.6 Short 3),,,3.0,1610612750,,,,,,0,0,,,,,,0,0,,,,,
471,0021501073,569,5,40,6,9:46 PM,2:40,,,Rubio Out of Bounds Lost Ball Turnover (P3.T14),,,5.0,201937,Ricky Rubio,1610612750.0,Minnesota,Timberwolves,MIN,0,0,,,,,,1,0,,,,,
472,0021501073,571,2,5,6,9:47 PM,2:15,MISS Wall 2' Layup,,,,,4.0,202322,John Wall,1610612764.0,Washington,Wizards,WAS,0,0,,,,,,0,0,,,,,
473,0021501073,572,4,0,6,9:47 PM,2:14,Gortat REBOUND (Off:8 Def:6),,,,,4.0,101162,Marcin Gortat,1610612764.0,Washington,Wizards,WAS,0,0,,,,,,0,0,,,,,
474,0021501073,573,1,97,6,9:48 PM,2:13,Gortat 1' Tip Layup Shot (19 PTS),,,124 - 129,5,4.0,101162,Marcin Gortat,1610612764.0,Washington,Wizards,WAS,0,0,,,,,,0,0,,,,,
475,0021501073,574,2,1,6,9:48 PM,1:57,,,MISS LaVine 27' 3PT Jump Shot,,,5.0,203897,Zach LaVine,1610612750.0,Minnesota,Timberwolves,MIN,0,0,,,,,,0,0,,,,,
476,0021501073,575,4,0,6,9:48 PM,1:56,,,Wiggins REBOUND (Off:2 Def:5),,,5.0,203952,Andrew Wiggins,1610612750.0,Minnesota,Timberwolves,MIN,0,0,,,,,,0,0,,,,,
477,0021501073,576,1,5,6,9:48 PM,1:55,,,Wiggins 1' Layup (16 PTS),126 - 129,3,5.0,203952,Andrew Wiggins,1610612750.0,Minnesota,Timberwolves,MIN,0,0,,,,,,0,0,,,,,
478,0021501073,577,5,11,6,9:48 PM,1:31,WIZARDS Turnover: Shot Clock (T#17),,,,,2.0,1610612764,,,,,,0,0,,,,,,1,0,,,,,
479,0021501073,579,1,1,6,9:49 PM,1:16,,,Dieng 6' Jump Shot (16 PTS),128 - 129,1,5.0,203476,Gorgui Dieng,1610612750.0,Minnesota,Timberwolves,MIN,0,0,,,,,,0,0,,,,,
480,0021501073,580,2,1,6,9:49 PM,0:50,MISS Beal 19' Jump Shot,,,,,4.0,203078,Bradley Beal,1610612764.0,Washington,Wizards,WAS,0,0,,,,,,0,0,,,,,
481,0021501073,581,4,0,6,9:49 PM,0:50,,,Dieng REBOUND (Off:1 Def:7),,,5.0,203476,Gorgui Dieng,1610612750.0,Minnesota,Timberwolves,MIN,0,0,,,,,,0,0,,,,,
482,0021501073,582,2,5,6,9:49 PM,0:44,,,MISS LaVine  Layup,,,5.0,203897,Zach LaVine,1610612750.0,Minnesota,Timberwolves,MIN,0,0,,,,,,0,0,,,,,
483,0021501073,583,4,0,6,9:50 PM,0:43,,,Timberwolves Rebound,,,3.0,1610612750,,,,,,0,0,,,,,,0,0,,,,,
484,0021501073,584,1,1,6,9:50 PM,0:29,,,Dieng 15' Jump Shot (18 PTS) (LaVine 4 AST),130 - 129,-1,5.0,203476,Gorgui Dieng,1610612750.0,Minnesota,Timberwolves,MIN,5,203897,Zach LaVine,1610612750.0,Minnesota,Timberwolves,MIN,0,0,,,,,
485,0021501073,585,9,1,6,9:50 PM,0:29,WIZARDS Timeout: Regular (Full 7 Short 2),,,,,2.0,1610612764,,,,,,0,0,,,,,,0,0,,,,,
486,0021501073,587,8,0,6,9:52 PM,0:29,SUB: Dudley FOR Nene,,,,,4.0,2403,Nene,1610612764.0,Washington,Wizards,WAS,4,201162,Jared Dudley,1610612764.0,Washington,Wizards,WAS,0,0,,,,,
487,0021501073,588,8,0,6,9:52 PM,0:29,,,SUB: Prince FOR Towns,,,5.0,1626157,Karl-Anthony Towns,1610612750.0,Minnesota,Timberwolves,MIN,5,2419,Tayshaun Prince,1610612750.0,Minnesota,Timberwolves,MIN,0,0,,,,,
488,0021501073,589,6,1,6,9:53 PM,0:19,,,LaVine P.FOUL (P1.T1) (J.Tiven),,,5.0,203897,Zach LaVine,1610612750.0,Minnesota,Timberwolves,MIN,4,203078,Bradley Beal,1610612764.0,Washington,Wizards,WAS,1,0,,,,,
489,0021501073,590,9,2,6,9:53 PM,0:19,WIZARDS Timeout: Short (Full 7 Short 3),,,,,2.0,1610612764,,,,,,0,0,,,,,,0,0,,,,,
490,0021501073,592,2,1,6,9:54 PM,0:15,MISS Dudley 26' 3PT Jump Shot,,,,,4.0,201162,Jared Dudley,1610612764.0,Washington,Wizards,WAS,0,0,,,,,,0,0,,,,,
491,0021501073,593,4,0,6,9:54 PM,0:15,WIZARDS Rebound,,,,,2.0,1610612764,,,,,,0,0,,,,,,0,0,,,,,
492,0021501073,594,6,3,6,9:54 PM,0:15,,,Dieng L.B.FOUL (P5.PN) (J.Tiven),,,5.0,203476,Gorgui Dieng,1610612750.0,Minnesota,Timberwolves,MIN,4,101162,Marcin Gortat,1610612764.0,Washington,Wizards,WAS,1,0,,,,,
493,0021501073,595,3,11,6,9:54 PM,0:15,MISS Gortat Free Throw 1 of 2,,,,,4.0,101162,Marcin Gortat,1610612764.0,Washington,Wizards,WAS,0,0,,,,,,0,0,,,,,
494,0021501073,596,4,1,6,9:54 PM,0:15,WIZARDS Rebound,,,,,2.0,1610612764,,,,,,0,0,,,,,,0,0,,,,,
495,0021501073,597,8,0,6,9:55 PM,0:15,,,SUB: Towns FOR Rubio,,,5.0,201937,Ricky Rubio,1610612750.0,Minnesota,Timberwolves,MIN,5,1626157,Karl-Anthony Towns,1610612750.0,Minnesota,Timberwolves,MIN,0,0,,,,,
496,0021501073,598,8,0,6,9:55 PM,0:15,SUB: Temple FOR Dudley,,,,,4.0,201162,Jared Dudley,1610612764.0,Washington,Wizards,WAS,4,202066,Garrett Temple,1610612764.0,Washington,Wizards,WAS,0,0,,,,,
497,0021501073,599,3,12,6,9:55 PM,0:15,MISS Gortat Free Throw 2 of 2,,,,,4.0,101162,Marcin Gortat,1610612764.0,Washington,Wizards,WAS,0,0,,,,,,0,0,,,,,
498,0021501073,601,4,0,6,9:55 PM,0:14,,,Dieng REBOUND (Off:1 Def:8),,,5.0,203476,Gorgui Dieng,1610612750.0,Minnesota,Timberwolves,MIN,0,0,,,,,,0,0,,,,,
499,0021501073,602,9,1,6,9:55 PM,0:14,,,Timberwolves Timeout: Regular (Reg.7 Short 3),,,3.0,1610612750,,,,,,0,0,,,,,,0,0,,,,,
500,0021501073,604,8,0,6,9:57 PM,0:14,SUB: Dudley FOR Gortat,,,,,4.0,101162,Marcin Gortat,1610612764.0,Washington,Wizards,WAS,4,201162,Jared Dudley,1610612764.0,Washington,Wizards,WAS,0,0,,,,,
501,0021501073,605,8,0,6,9:57 PM,0:14,,,SUB: Rubio FOR Dieng,,,5.0,203476,Gorgui Dieng,1610612750.0,Minnesota,Timberwolves,MIN,5,201937,Ricky Rubio,1610612750.0,Minnesota,Timberwolves,MIN,0,0,,,,,
502,0021501073,606,6,28,6,9:58 PM,0:12,Porter Jr. Personal Take Foul (P5.T1) (M.Callahan),,,,,4.0,203490,Otto Porter,1610612764.0,Washington,Wizards,WAS,5,201937,Ricky Rubio,1610612750.0,Minnesota,Timberwolves,MIN,1,0,,,,,
503,0021501073,607,9,2,6,9:58 PM,0:12,,,Timberwolves Timeout: Short (Reg.7 Short 4),,,3.0,1610612750,,,,,,0,0,,,,,,0,0,,,,,
504,0021501073,609,1,98,6,10:00 PM,0:11,,,Towns 2' Cutting Layup Shot (27 PTS) (Prince 2 AST),132 - 129,-3,5.0,1626157,Karl-Anthony Towns,1610612750.0,Minnesota,Timberwolves,MIN,5,2419,Tayshaun Prince,1610612750.0,Minnesota,Timberwolves,MIN,0,0,,,,,
505,0021501073,610,9,2,6,10:00 PM,0:11,WIZARDS Timeout: Short (Full 7 Short 4),,,,,2.0,1610612764,,,,,,0,0,,,,,,0,0,,,,,
506,0021501073,612,8,0,6,10:01 PM,0:11,SUB: Thornton FOR Porter Jr.,,,,,4.0,203490,Otto Porter,1610612764.0,Washington,Wizards,WAS,4,201977,Marcus Thornton,1610612764.0,Washington,Wizards,WAS,0,0,,,,,
507,0021501073,613,8,0,6,10:01 PM,0:11,SUB: Nene FOR Temple,,,,,4.0,202066,Garrett Temple,1610612764.0,Washington,Wizards,WAS,4,2403,Nene,1610612764.0,Washington,Wizards,WAS,0,0,,,,,
508,0021501073,614,2,1,6,10:01 PM,0:01,MISS Dudley 26' 3PT Jump Shot,,,,,4.0,201162,Jared Dudley,1610612764.0,Washington,Wizards,WAS,0,0,,,,,,0,0,,,,,
509,0021501073,615,4,0,6,10:02 PM,0:01,,,Towns REBOUND (Off:1 Def:9),,,5.0,1626157,Karl-Anthony Towns,1610612750.0,Minnesota,Timberwolves,MIN,0,0,,,,,,0,0,,,,,
510,0021501073,616,13,0,6,10:02 PM,0:00,,,,132 - 129,-3,0.0,0,,,,,,0,0,,,,,,0,0,,,,,
