,GAME_ID,EVENTNUM,EVENTMSGTYPE,EVENTMSGACTIONTYPE,PERIOD,WCTIMESTRING,PCTIMESTRING,HOMEDESCRIPTION,NEUTRALDESCRIPTION,VISITORDESCRIPTION,SCORE,SCOREMARGIN,PERSON1TYPE,PLAYER1_ID,PLAYER1_NAME,PLAYER1_TEAM_ID,PLAYER1_TEAM_CITY,PLAYER1_TEAM_NICKNAME,PLAYER1_TEAM_ABBREVIATION,PERSON2TYPE,PLAYER2_ID,PLAYER2_NAME,PLAYER2_TEAM_ID,PLAYER2_TEAM_CITY,PLAYER2_TEAM_NICKNAME,PLAYER2_TEAM_ABBREVIATION,PERSON3TYPE,PLAYER3_ID,PLAYER3_NAME,PLAYER3_TEAM_ID,PLAYER3_TEAM_CITY,PLAYER3_TEAM_NICKNAME,PLAYER3_TEAM_ABBREVIATION
0,0021501163,0,12,0,1,10:43 PM,12:00,,,,,,0.0,0,,,,,,0,0,,,,,,0,0,,,,,
1,0021501163,1,10,0,1,10:43 PM,12:00,Jump Ball Bogut vs. Towns: Tip to Green,,,,,4.0,101106,Andrew Bogut,1610612744.0,Golden State,Warriors,GSW,5,1626157,Karl-Anthony Towns,1610612750.0,Minnesota,Timberwolves,MIN,4,203110,Draymond Green,1610612744.0,Golden State,Warriors,GSW
2,0021501163,2,2,58,1,10:43 PM,11:45,MISS Bogut 7' Turnaround Hook Shot,,,,,4.0,101106,Andrew Bogut,1610612744.0,Golden State,Warriors,GSW,0,0,,,,,,0,0,,,,,
3,0021501163,3,4,0,1,10:43 PM,11:43,,,LaVine REBOUND (Off:0 Def:1),,,5.0,203897,Zach LaVine,1610612750.0,Minnesota,Timberwolves,MIN,0,0,,,,,,0,0,,,,,
4,0021501163,4,2,42,1,10:43 PM,11:30,Bogut BLOCK (1 BLK),,MISS Wiggins 1' Driving Layup,,,5.0,203952,Andrew Wiggins,1610612750.0,Minnesota,Timberwolves,MIN,0,0,,,,,,4,101106,Andrew Bogut,1610612744.0,Golden State,Warriors,GSW
5,0021501163,5,4,0,1,10:43 PM,11:29,Barnes REBOUND (Off:0 Def:1),,,,,4.0,203084,Harrison Barnes,1610612744.0,Golden State,Warriors,GSW,0,0,,,,,,0,0,,,,,
6,0021501163,6,1,79,1,10:44 PM,11:17,Barnes 25' 3PT Pullup Jump Shot (3 PTS) (Thompson 1 AST),,,0 - 3,3,4.0,203084,Harrison Barnes,1610612744.0,Golden State,Warriors,GSW,4,202691,Klay Thompson,1610612744.0,Golden State,Warriors,GSW,0,0,,,,,
7,0021501163,7,1,1,1,10:44 PM,10:59,,,Towns 20' Jump Shot (2 PTS) (Rubio 1 AST),2 - 3,1,5.0,1626157,Karl-Anthony Towns,1610612750.0,Minnesota,Timberwolves,MIN,5,201937,Ricky Rubio,1610612750.0,Minnesota,Timberwolves,MIN,0,0,,,,,
8,0021501163,8,6,1,1,10:44 PM,10:54,,,Rubio P.FOUL (P1.T1) (L.Holtkamp),,,5.0,201937,Ricky Rubio,1610612750.0,Minnesota,Timberwolves,MIN,4,201939,Stephen Curry,1610612744.0,Golden State,Warriors,GSW,1,0,,,,,
9,0021501163,9,1,75,1,10:44 PM,10:47,Thompson 3' Driving Finger Roll Layup (2 PTS) (Curry 1 AST),,,2 - 5,3,4.0,202691,Klay Thompson,1610612744.0,Golden State,Warriors,GSW,4,201939,Stephen Curry,1610612744.0,Golden State,Warriors,GSW,0,0,,,,,
10,0021501163,10,1,5,1,10:45 PM,10:29,,,Dieng 1' Layup (2 PTS) (LaVine 1 AST),4 - 5,1,5.0,203476,Gorgui Dieng,1610612750.0,Minnesota,Timberwolves,MIN,5,203897,Zach LaVine,1610612750.0,Minnesota,Timberwolves,MIN,0,0,,,,,
11,0021501163,11,2,1,1,10:45 PM,10:10,MISS Curry 27' 3PT Jump Shot,,,,,4.0,201939,Stephen Curry,1610612744.0,Golden State,Warriors,GSW,0,0,,,,,,0,0,,,,,
12,0021501163,12,4,0,1,10:45 PM,10:09,,,LaVine REBOUND (Off:0 Def:2),,,5.0,203897,Zach LaVine,1610612750.0,Minnesota,Timberwolves,MIN,0,0,,,,,,0,0,,,,,
13,0021501163,13,2,79,1,10:45 PM,9:56,,,MISS LaVine 26' 3PT Pullup Jump Shot,,,5.0,203897,Zach LaVine,1610612750.0,Minnesota,Timberwolves,MIN,0,0,,,,,,0,0,,,,,
14,0021501163,14,4,0,1,10:45 PM,9:55,Bogut REBOUND (Off:0 Def:1),,,,,4.0,101106,Andrew Bogut,1610612744.0,Golden State,Warriors,GSW,0,0,,,,,,0,0,,,,,
15,0021501163,15,5,45,1,10:45 PM,9:45,Green Out of Bounds - Bad Pass Turnover Turnover (P1.T1),,,,,4.0,203110,Draymond Green,1610612744.0,Golden State,Warriors,GSW,0,0,,,,,,1,0,,,,,
16,0021501163,16,1,1,1,10:46 PM,9:28,,,Dieng 14' Jump Shot (4 PTS) (Rubio 2 AST),6 - 5,-1,5.0,203476,Gorgui Dieng,1610612750.0,Minnesota,Timberwolves,MIN,5,201937,Ricky Rubio,1610612750.0,Minnesota,Timberwolves,MIN,0,0,,,,,
17,0021501163,17,1,108,1,10:46 PM,9:14,Barnes  Cutting Dunk Shot (5 PTS) (Bogut 1 AST),,,6 - 7,1,4.0,203084,Harrison Barnes,1610612744.0,Golden State,Warriors,GSW,4,101106,Andrew Bogut,1610612744.0,Golden State,Warriors,GSW,0,0,,,,,
18,0021501163,18,2,1,1,10:46 PM,8:58,,,MISS Towns 20' Jump Shot,,,5.0,1626157,Karl-Anthony Towns,1610612750.0,Minnesota,Timberwolves,MIN,0,0,,,,,,0,0,,,,,
19,0021501163,19,4,0,1,10:46 PM,8:57,Bogut REBOUND (Off:0 Def:2),,,,,4.0,101106,Andrew Bogut,1610612744.0,Golden State,Warriors,GSW,0,0,,,,,,0,0,,,,,
20,0021501163,20,2,79,1,10:47 PM,8:47,MISS Thompson 26' 3PT Pullup Jump Shot,,,,,4.0,202691,Klay Thompson,1610612744.0,Golden State,Warriors,GSW,0,0,,,,,,0,0,,,,,
21,0021501163,21,4,0,1,10:47 PM,8:47,,,Towns REBOUND (Off:0 Def:1),,,5.0,1626157,Karl-Anthony Towns,1610612750.0,Minnesota,Timberwolves,MIN,0,0,,,,,,0,0,,,,,
22,0021501163,22,1,5,1,10:47 PM,8:36,,,Towns 1' Layup (4 PTS) (Rubio 3 AST),8 - 7,-1,5.0,1626157,Karl-Anthony Towns,1610612750.0,Minnesota,Timberwolves,MIN,5,201937,Ricky Rubio,1610612750.0,Minnesota,Timberwolves,MIN,0,0,,,,,
23,0021501163,23,2,73,1,10:47 PM,8:26,MISS Thompson 1' Driving Reverse Layup,,,,,4.0,202691,Klay Thompson,1610612744.0,Golden State,Warriors,GSW,0,0,,,,,,0,0,,,,,
24,0021501163,24,4,0,1,10:47 PM,8:24,,,Dieng REBOUND (Off:0 Def:1),,,5.0,203476,Gorgui Dieng,1610612750.0,Minnesota,Timberwolves,MIN,0,0,,,,,,0,0,,,,,
25,0021501163,25,2,86,1,10:47 PM,8:09,,,MISS Towns 13' Turnaround Fadeaway Shot,,,5.0,1626157,Karl-Anthony Towns,1610612750.0,Minnesota,Timberwolves,MIN,0,0,,,,,,0,0,,,,,
26,0021501163,26,4,0,1,10:47 PM,8:09,Bogut REBOUND (Off:0 Def:3),,,,,4.0,101106,Andrew Bogut,1610612744.0,Golden State,Warriors,GSW,0,0,,,,,,0,0,,,,,
27,0021501163,27,1,42,1,10:47 PM,8:02,Green 2' Driving Layup (2 PTS) (Curry 2 AST),,,8 - 9,1,4.0,203110,Draymond Green,1610612744.0,Golden State,Warriors,GSW,4,201939,Stephen Curry,1610612744.0,Golden State,Warriors,GSW,0,0,,,,,
28,0021501163,28,6,2,1,10:47 PM,8:02,,,Dieng S.FOUL (P1.T2) (L.Holtkamp),,,5.0,203476,Gorgui Dieng,1610612750.0,Minnesota,Timberwolves,MIN,4,203110,Draymond Green,1610612744.0,Golden State,Warriors,GSW,1,0,,,,,
29,0021501163,29,3,10,1,10:48 PM,8:02,Green Free Throw 1 of 1 (3 PTS),,,8 - 10,2,4.0,203110,Draymond Green,1610612744.0,Golden State,Warriors,GSW,0,0,,,,,,0,0,,,,,
30,0021501163,31,2,1,1,10:48 PM,7:47,,,MISS Dieng 18' Jump Shot,,,5.0,203476,Gorgui Dieng,1610612750.0,Minnesota,Timberwolves,MIN,0,0,,,,,,0,0,,,,,
31,0021501163,32,4,0,1,10:48 PM,7:47,Green REBOUND (Off:0 Def:1),,,,,4.0,203110,Draymond Green,1610612744.0,Golden State,Warriors,GSW,0,0,,,,,,0,0,,,,,
32,0021501163,33,1,79,1,10:48 PM,7:41,Barnes 24' 3PT Pullup Jump Shot (8 PTS) (Green 1 AST),,,8 - 13,5,4.0,203084,Harrison Barnes,1610612744.0,Golden State,Warriors,GSW,4,203110,Draymond Green,1610612744.0,Golden State,Warriors,GSW,0,0,,,,,
33,0021501163,34,5,2,1,10:48 PM,7:24,Green STEAL (1 STL),,Dieng Lost Ball Turnover (P1.T1),,,5.0,203476,Gorgui Dieng,1610612750.0,Minnesota,Timberwolves,MIN,4,203110,Draymond Green,1610612744.0,Golden State,Warriors,GSW,0,0,,,,,
34,0021501163,36,1,79,1,10:49 PM,7:12,Barnes 25' 3PT Pullup Jump Shot (11 PTS) (Green 2 AST),,,8 - 16,8,4.0,203084,Harrison Barnes,1610612744.0,Golden State,Warriors,GSW,4,203110,Draymond Green,1610612744.0,Golden State,Warriors,GSW,0,0,,,,,
35,0021501163,37,9,1,1,10:49 PM,7:03,,,Timberwolves Timeout: Regular (Reg.1 Short 0),,,3.0,1610612750,,,,,,0,0,,,,,,0,0,,,,,
36,0021501163,39,2,79,1,10:52 PM,6:56,,,MISS Wiggins 17' Pullup Jump Shot,,,5.0,203952,Andrew Wiggins,1610612750.0,Minnesota,Timberwolves,MIN,0,0,,,,,,0,0,,,,,
37,0021501163,40,4,0,1,10:52 PM,6:56,Thompson REBOUND (Off:0 Def:1),,,,,4.0,202691,Klay Thompson,1610612744.0,Golden State,Warriors,GSW,0,0,,,,,,0,0,,,,,
38,0021501163,41,1,52,1,10:53 PM,6:44,Bogut  Alley Oop Dunk (2 PTS) (Curry 3 AST),,,8 - 18,10,4.0,101106,Andrew Bogut,1610612744.0,Golden State,Warriors,GSW,4,201939,Stephen Curry,1610612744.0,Golden State,Warriors,GSW,0,0,,,,,
39,0021501163,42,1,86,1,10:53 PM,6:13,,,Dieng 13' Turnaround Fadeaway (6 PTS),10 - 18,8,5.0,203476,Gorgui Dieng,1610612750.0,Minnesota,Timberwolves,MIN,0,0,,,,,,0,0,,,,,
40,0021501163,43,1,5,1,10:53 PM,5:58,Bogut 2' Layup (4 PTS) (Green 3 AST),,,10 - 20,10,4.0,101106,Andrew Bogut,1610612744.0,Golden State,Warriors,GSW,4,203110,Draymond Green,1610612744.0,Golden State,Warriors,GSW,0,0,,,,,
41,0021501163,44,2,1,1,10:54 PM,5:44,,,MISS LaVine 18' Jump Shot,,,5.0,203897,Zach LaVine,1610612750.0,Minnesota,Timberwolves,MIN,0,0,,,,,,0,0,,,,,
42,0021501163,45,4,0,1,10:54 PM,5:44,WARRIORS Rebound,,,,,2.0,1610612744,,,,,,0,0,,,,,,0,0,,,,,
43,0021501163,46,6,3,1,10:54 PM,5:44,,,Towns L.B.FOUL (P1.T3) (T.Washington),,,5.0,1626157,Karl-Anthony Towns,1610612750.0,Minnesota,Timberwolves,MIN,4,203110,Draymond Green,1610612744.0,Golden State,Warriors,GSW,1,0,,,,,
44,0021501163,47,1,1,1,10:54 PM,5:36,Thompson 26' 3PT Jump Shot (5 PTS) (Curry 4 AST),,,10 - 23,13,4.0,202691,Klay Thompson,1610612744.0,Golden State,Warriors,GSW,4,201939,Stephen Curry,1610612744.0,Golden State,Warriors,GSW,0,0,,,,,
45,0021501163,48,6,1,1,10:54 PM,5:18,Bogut P.FOUL (P1.T1) (T.Washington),,,,,4.0,101106,Andrew Bogut,1610612744.0,Golden State,Warriors,GSW,5,1626157,Karl-Anthony Towns,1610612750.0,Minnesota,Timberwolves,MIN,1,0,,,,,
46,0021501163,49,8,0,1,10:54 PM,5:18,SUB: Iguodala FOR Barnes,,,,,4.0,203084,Harrison Barnes,1610612744.0,Golden State,Warriors,GSW,4,2738,Andre Iguodala,1610612744.0,Golden State,Warriors,GSW,0,0,,,,,
47,0021501163,50,8,0,1,10:54 PM,5:18,,,SUB: Bjelica FOR Towns,,,5.0,1626157,Karl-Anthony Towns,1610612750.0,Minnesota,Timberwolves,MIN,5,202357,Nemanja Bjelica,1610612750.0,Minnesota,Timberwolves,MIN,0,0,,,,,
48,0021501163,51,8,0,1,10:55 PM,5:18,SUB: Barbosa FOR Thompson,,,,,4.0,202691,Klay Thompson,1610612744.0,Golden State,Warriors,GSW,4,2571,Leandro Barbosa,1610612744.0,Golden State,Warriors,GSW,0,0,,,,,
49,0021501163,52,5,1,1,10:55 PM,5:12,Curry STEAL (1 STL),,Rubio Bad Pass Turnover (P1.T2),,,5.0,201937,Ricky Rubio,1610612750.0,Minnesota,Timberwolves,MIN,4,201939,Stephen Curry,1610612744.0,Golden State,Warriors,GSW,0,0,,,,,
50,0021501163,53,1,50,1,10:55 PM,5:08,Green 1' Running Dunk (5 PTS) (Curry 5 AST),,,10 - 25,15,4.0,203110,Draymond Green,1610612744.0,Golden State,Warriors,GSW,4,201939,Stephen Curry,1610612744.0,Golden State,Warriors,GSW,0,0,,,,,
51,0021501163,55,2,1,1,10:56 PM,4:44,,,MISS Wiggins 27' 3PT Jump Shot,,,5.0,203952,Andrew Wiggins,1610612750.0,Minnesota,Timberwolves,MIN,0,0,,,,,,0,0,,,,,
52,0021501163,56,4,0,1,10:56 PM,4:43,Curry REBOUND (Off:0 Def:1),,,,,4.0,201939,Stephen Curry,1610612744.0,Golden State,Warriors,GSW,0,0,,,,,,0,0,,,,,
53,0021501163,57,6,4,1,10:56 PM,4:34,Bogut OFF.Foul (P2) (T.Washington),,,,,4.0,101106,Andrew Bogut,1610612744.0,Golden State,Warriors,GSW,5,201937,Ricky Rubio,1610612750.0,Minnesota,Timberwolves,MIN,1,0,,,,,
54,0021501163,58,5,5,1,10:56 PM,4:34,Bogut Foul Turnover (P1.T2),,,,,4.0,101106,Andrew Bogut,1610612744.0,Golden State,Warriors,GSW,0,0,,,,,,1,0,,,,,
55,0021501163,59,8,0,1,10:56 PM,4:34,SUB: Ezeli FOR Bogut,,,,,4.0,101106,Andrew Bogut,1610612744.0,Golden State,Warriors,GSW,4,203105,Festus Ezeli,1610612744.0,Golden State,Warriors,GSW,0,0,,,,,
56,0021501163,60,6,1,1,10:57 PM,4:22,Curry P.FOUL (P1.T2) (J.Tiven),,,,,4.0,201939,Stephen Curry,1610612744.0,Golden State,Warriors,GSW,5,202357,Nemanja Bjelica,1610612750.0,Minnesota,Timberwolves,MIN,1,0,,,,,
57,0021501163,61,5,1,1,10:57 PM,4:17,Barbosa STEAL (1 STL),,Rubio Bad Pass Turnover (P2.T3),,,5.0,201937,Ricky Rubio,1610612750.0,Minnesota,Timberwolves,MIN,4,2571,Leandro Barbosa,1610612744.0,Golden State,Warriors,GSW,0,0,,,,,
58,0021501163,62,6,1,1,10:57 PM,4:14,,,Rubio P.FOUL (P2.T4) (J.Tiven),,,5.0,201937,Ricky Rubio,1610612750.0,Minnesota,Timberwolves,MIN,4,2571,Leandro Barbosa,1610612744.0,Golden State,Warriors,GSW,1,0,,,,,
59,0021501163,63,8,0,1,10:57 PM,4:14,,,SUB: Jones FOR Rubio,,,5.0,201937,Ricky Rubio,1610612750.0,Minnesota,Timberwolves,MIN,5,1626145,Tyus Jones,1610612750.0,Minnesota,Timberwolves,MIN,0,0,,,,,
60,0021501163,64,2,1,1,10:58 PM,4:09,MISS Curry 25' 3PT Jump Shot,,,,,4.0,201939,Stephen Curry,1610612744.0,Golden State,Warriors,GSW,0,0,,,,,,0,0,,,,,
61,0021501163,65,4,0,1,10:58 PM,4:08,,,Timberwolves Rebound,,,3.0,1610612750,,,,,,0,0,,,,,,0,0,,,,,
62,0021501163,66,2,5,1,10:58 PM,3:49,,,MISS Wiggins 2' Layup,,,5.0,203952,Andrew Wiggins,1610612750.0,Minnesota,Timberwolves,MIN,0,0,,,,,,0,0,,,,,
63,0021501163,67,4,0,1,10:58 PM,3:47,Curry REBOUND (Off:0 Def:2),,,,,4.0,201939,Stephen Curry,1610612744.0,Golden State,Warriors,GSW,0,0,,,,,,0,0,,,,,
64,0021501163,68,2,1,1,10:58 PM,3:38,MISS Iguodala 5' Jump Shot,,,,,4.0,2738,Andre Iguodala,1610612744.0,Golden State,Warriors,GSW,0,0,,,,,,0,0,,,,,
65,0021501163,69,4,0,1,10:58 PM,3:37,,,Dieng REBOUND (Off:0 Def:2),,,5.0,203476,Gorgui Dieng,1610612750.0,Minnesota,Timberwolves,MIN,0,0,,,,,,0,0,,,,,
66,0021501163,70,6,1,1,10:58 PM,3:35,Iguodala P.FOUL (P1.T3) (L.Holtkamp),,,,,4.0,2738,Andre Iguodala,1610612744.0,Golden State,Warriors,GSW,5,1626145,Tyus Jones,1610612750.0,Minnesota,Timberwolves,MIN,1,0,,,,,
67,0021501163,71,2,1,1,10:59 PM,3:29,,,MISS LaVine 18' Jump Shot,,,5.0,203897,Zach LaVine,1610612750.0,Minnesota,Timberwolves,MIN,0,0,,,,,,0,0,,,,,
68,0021501163,72,4,0,1,10:59 PM,3:28,Ezeli REBOUND (Off:0 Def:1),,,,,4.0,203105,Festus Ezeli,1610612744.0,Golden State,Warriors,GSW,0,0,,,,,,0,0,,,,,
69,0021501163,73,5,1,1,10:59 PM,3:22,Green Bad Pass Turnover (P2.T3),,Wiggins STEAL (1 STL),,,4.0,203110,Draymond Green,1610612744.0,Golden State,Warriors,GSW,5,203952,Andrew Wiggins,1610612750.0,Minnesota,Timberwolves,MIN,0,0,,,,,
70,0021501163,74,1,42,1,10:59 PM,3:15,,,LaVine 2' Driving Layup (2 PTS) (Wiggins 1 AST),12 - 25,13,5.0,203897,Zach LaVine,1610612750.0,Minnesota,Timberwolves,MIN,5,203952,Andrew Wiggins,1610612750.0,Minnesota,Timberwolves,MIN,0,0,,,,,
71,0021501163,75,2,1,1,10:59 PM,3:01,MISS Curry 19' Jump Shot,,,,,4.0,201939,Stephen Curry,1610612744.0,Golden State,Warriors,GSW,0,0,,,,,,0,0,,,,,
72,0021501163,76,4,0,1,10:59 PM,3:01,,,Timberwolves Rebound,,,3.0,1610612750,,,,,,0,0,,,,,,0,0,,,,,
73,0021501163,77,8,0,1,10:59 PM,3:01,,,SUB: Towns FOR Dieng,,,5.0,203476,Gorgui Dieng,1610612750.0,Minnesota,Timberwolves,MIN,5,1626157,Karl-Anthony Towns,1610612750.0,Minnesota,Timberwolves,MIN,0,0,,,,,
74,0021501163,78,2,1,1,11:00 PM,2:43,,,MISS Towns 21' Jump Shot,,,5.0,1626157,Karl-Anthony Towns,1610612750.0,Minnesota,Timberwolves,MIN,0,0,,,,,,0,0,,,,,
75,0021501163,79,4,0,1,11:00 PM,2:43,Green REBOUND (Off:0 Def:2),,,,,4.0,203110,Draymond Green,1610612744.0,Golden State,Warriors,GSW,0,0,,,,,,0,0,,,,,
76,0021501163,80,5,1,1,11:00 PM,2:37,Green Bad Pass Turnover (P3.T4),,Wiggins STEAL (2 STL),,,4.0,203110,Draymond Green,1610612744.0,Golden State,Warriors,GSW,5,203952,Andrew Wiggins,1610612750.0,Minnesota,Timberwolves,MIN,0,0,,,,,
77,0021501163,81,5,1,1,11:00 PM,2:33,Green STEAL (2 STL),,Wiggins Bad Pass Turnover (P1.T4),,,5.0,203952,Andrew Wiggins,1610612750.0,Minnesota,Timberwolves,MIN,4,203110,Draymond Green,1610612744.0,Golden State,Warriors,GSW,0,0,,,,,
78,0021501163,82,1,98,1,11:00 PM,2:26,Barbosa 1' Cutting Layup Shot (2 PTS) (Curry 6 AST),,,12 - 27,15,4.0,2571,Leandro Barbosa,1610612744.0,Golden State,Warriors,GSW,4,201939,Stephen Curry,1610612744.0,Golden State,Warriors,GSW,0,0,,,,,
79,0021501163,83,6,1,1,11:00 PM,2:16,Ezeli P.FOUL (P1.T4) (L.Holtkamp),,,,,4.0,203105,Festus Ezeli,1610612744.0,Golden State,Warriors,GSW,5,1626157,Karl-Anthony Towns,1610612750.0,Minnesota,Timberwolves,MIN,1,0,,,,,
80,0021501163,84,9,1,1,11:00 PM,2:16,WARRIORS Timeout: Regular (Full 1 Short 0),,,,,2.0,1610612744,,,,,,0,0,,,,,,0,0,,,,,
81,0021501163,86,8,0,1,11:03 PM,2:16,,,SUB: Muhammad FOR LaVine,,,5.0,203897,Zach LaVine,1610612750.0,Minnesota,Timberwolves,MIN,5,203498,Shabazz Muhammad,1610612750.0,Minnesota,Timberwolves,MIN,0,0,,,,,
82,0021501163,87,1,66,1,11:04 PM,2:00,,,Bjelica 12' Jump Bank Shot (2 PTS),14 - 27,13,5.0,202357,Nemanja Bjelica,1610612750.0,Minnesota,Timberwolves,MIN,0,0,,,,,,0,0,,,,,
83,0021501163,88,5,1,1,11:04 PM,1:44,Barbosa Bad Pass Turnover (P1.T5),,Jones STEAL (1 STL),,,4.0,2571,Leandro Barbosa,1610612744.0,Golden State,Warriors,GSW,5,1626145,Tyus Jones,1610612750.0,Minnesota,Timberwolves,MIN,0,0,,,,,
84,0021501163,89,1,42,1,11:04 PM,1:40,,,Jones 1' Driving Layup (2 PTS),16 - 27,11,5.0,1626145,Tyus Jones,1610612750.0,Minnesota,Timberwolves,MIN,0,0,,,,,,0,0,,,,,
85,0021501163,90,5,1,1,11:04 PM,1:22,Curry Bad Pass Turnover (P1.T6),,Wiggins STEAL (3 STL),,,4.0,201939,Stephen Curry,1610612744.0,Golden State,Warriors,GSW,5,203952,Andrew Wiggins,1610612750.0,Minnesota,Timberwolves,MIN,0,0,,,,,
86,0021501163,91,6,2,1,11:05 PM,1:08,Barbosa S.FOUL (P1.PN) (T.Washington),,,,,4.0,2571,Leandro Barbosa,1610612744.0,Golden State,Warriors,GSW,5,203498,Shabazz Muhammad,1610612750.0,Minnesota,Timberwolves,MIN,1,0,,,,,
87,0021501163,92,3,11,1,11:05 PM,1:08,,,MISS Muhammad Free Throw 1 of 2,,,5.0,203498,Shabazz Muhammad,1610612750.0,Minnesota,Timberwolves,MIN,0,0,,,,,,0,0,,,,,
88,0021501163,93,4,1,1,11:05 PM,1:08,,,Timberwolves Rebound,,,3.0,1610612750,,,,,,0,0,,,,,,0,0,,,,,
89,0021501163,94,3,12,1,11:05 PM,1:08,,,Muhammad Free Throw 2 of 2 (1 PTS),17 - 27,10,5.0,203498,Shabazz Muhammad,1610612750.0,Minnesota,Timberwolves,MIN,0,0,,,,,,0,0,,,,,
90,0021501163,97,2,43,1,11:06 PM,0:47,MISS Ezeli 2' Alley Oop Layup,,,,,4.0,203105,Festus Ezeli,1610612744.0,Golden State,Warriors,GSW,0,0,,,,,,0,0,,,,,
91,0021501163,98,4,0,1,11:06 PM,0:46,,,Towns REBOUND (Off:0 Def:2),,,5.0,1626157,Karl-Anthony Towns,1610612750.0,Minnesota,Timberwolves,MIN,0,0,,,,,,0,0,,,,,
92,0021501163,99,6,2,1,11:06 PM,0:45,Green S.FOUL (P1.PN) (L.Holtkamp),,,,,4.0,203110,Draymond Green,1610612744.0,Golden State,Warriors,GSW,5,203498,Shabazz Muhammad,1610612750.0,Minnesota,Timberwolves,MIN,1,0,,,,,
93,0021501163,100,3,11,1,11:06 PM,0:45,,,Muhammad Free Throw 1 of 2 (2 PTS),18 - 27,9,5.0,203498,Shabazz Muhammad,1610612750.0,Minnesota,Timberwolves,MIN,0,0,,,,,,0,0,,,,,
94,0021501163,102,8,0,1,11:07 PM,0:45,SUB: Livingston FOR Curry,,,,,4.0,201939,Stephen Curry,1610612744.0,Golden State,Warriors,GSW,4,2733,Shaun Livingston,1610612744.0,Golden State,Warriors,GSW,0,0,,,,,
95,0021501163,103,8,0,1,11:07 PM,0:45,,,SUB: Prince FOR Wiggins,,,5.0,203952,Andrew Wiggins,1610612750.0,Minnesota,Timberwolves,MIN,5,2419,Tayshaun Prince,1610612750.0,Minnesota,Timberwolves,MIN,0,0,,,,,
96,0021501163,104,3,12,1,11:07 PM,0:45,,,Muhammad Free Throw 2 of 2 (3 PTS),19 - 27,8,5.0,203498,Shabazz Muhammad,1610612750.0,Minnesota,Timberwolves,MIN,0,0,,,,,,0,0,,,,,
97,0021501163,106,6,2,1,11:07 PM,0:28,,,Prince S.FOUL (P1.PN) (L.Holtkamp),,,5.0,2419,Tayshaun Prince,1610612750.0,Minnesota,Timberwolves,MIN,4,203110,Draymond Green,1610612744.0,Golden State,Warriors,GSW,1,0,,,,,
98,0021501163,107,3,11,1,11:08 PM,0:28,MISS Green Free Throw 1 of 2,,,,,4.0,203110,Draymond Green,1610612744.0,Golden State,Warriors,GSW,0,0,,,,,,0,0,,,,,
99,0021501163,108,4,1,1,11:08 PM,0:28,WARRIORS Rebound,,,,,2.0,1610612744,,,,,,0,0,,,,,,0,0,,,,,
100,0021501163,109,3,12,1,11:08 PM,0:28,Green Free Throw 2 of 2 (6 PTS),,,19 - 28,9,4.0,203110,Draymond Green,1610612744.0,Golden State,Warriors,GSW,0,0,,,,,,0,0,,,,,
101,0021501163,111,5,4,1,11:08 PM,0:08,,,Bjelica Traveling Turnover (P1.T5),,,5.0,202357,Nemanja Bjelica,1610612750.0,Minnesota,Timberwolves,MIN,0,0,,,,,,1,0,,,,,
102,0021501163,112,2,1,1,11:08 PM,0:04,MISS Green 15' Jump Shot,,,,,4.0,203110,Draymond Green,1610612744.0,Golden State,Warriors,GSW,0,0,,,,,,0,0,,,,,
103,0021501163,113,4,0,1,11:08 PM,0:02,,,Towns REBOUND (Off:0 Def:3),,,5.0,1626157,Karl-Anthony Towns,1610612750.0,Minnesota,Timberwolves,MIN,0,0,,,,,,0,0,,,,,
104,0021501163,114,13,0,1,11:09 PM,0:00,,,,19 - 28,9,0.0,0,,,,,,0,0,,,,,,0,0,,,,,
105,0021501163,116,12,0,2,11:12 PM,12:00,,,,19 - 28,9,0.0,0,,,,,,0,0,,,,,,0,0,,,,,
106,0021501163,117,2,1,2,11:12 PM,11:47,,,MISS Towns 16' Jump Shot,,,5.0,1626157,Karl-Anthony Towns,1610612750.0,Minnesota,Timberwolves,MIN,0,0,,,,,,0,0,,,,,
107,0021501163,118,4,0,2,11:12 PM,11:47,Livingston REBOUND (Off:0 Def:1),,,,,4.0,2733,Shaun Livingston,1610612744.0,Golden State,Warriors,GSW,0,0,,,,,,0,0,,,,,
108,0021501163,119,1,79,2,11:13 PM,11:25,Barnes 21' Pullup Jump Shot (13 PTS),,,19 - 30,11,4.0,203084,Harrison Barnes,1610612744.0,Golden State,Warriors,GSW,0,0,,,,,,0,0,,,,,
109,0021501163,120,1,47,2,11:13 PM,11:07,,,Towns 20' Turnaround Jump Shot (6 PTS) (Bjelica 1 AST),21 - 30,9,5.0,1626157,Karl-Anthony Towns,1610612750.0,Minnesota,Timberwolves,MIN,5,202357,Nemanja Bjelica,1610612750.0,Minnesota,Timberwolves,MIN,0,0,,,,,
110,0021501163,121,2,1,2,11:13 PM,10:44,MISS Barnes 16' Jump Shot,,,,,4.0,203084,Harrison Barnes,1610612744.0,Golden State,Warriors,GSW,0,0,,,,,,0,0,,,,,
111,0021501163,122,4,0,2,11:14 PM,10:42,Speights REBOUND (Off:1 Def:0),,,,,4.0,201578,Marreese Speights,1610612744.0,Golden State,Warriors,GSW,0,0,,,,,,0,0,,,,,
112,0021501163,123,2,5,2,11:14 PM,10:41,MISS Speights 3' Layup,,,,,4.0,201578,Marreese Speights,1610612744.0,Golden State,Warriors,GSW,0,0,,,,,,0,0,,,,,
113,0021501163,124,4,0,2,11:14 PM,10:39,,,Towns REBOUND (Off:0 Def:4),,,5.0,1626157,Karl-Anthony Towns,1610612750.0,Minnesota,Timberwolves,MIN,0,0,,,,,,0,0,,,,,
114,0021501163,125,2,79,2,11:14 PM,10:32,,,MISS Towns 16' Pullup Jump Shot,,,5.0,1626157,Karl-Anthony Towns,1610612750.0,Minnesota,Timberwolves,MIN,0,0,,,,,,0,0,,,,,
115,0021501163,126,4,0,2,11:14 PM,10:32,Rush REBOUND (Off:0 Def:1),,,,,4.0,201575,Brandon Rush,1610612744.0,Golden State,Warriors,GSW,0,0,,,,,,0,0,,,,,
116,0021501163,127,2,98,2,11:14 PM,10:20,MISS Barbosa 2' Cutting Layup Shot,,,,,4.0,2571,Leandro Barbosa,1610612744.0,Golden State,Warriors,GSW,0,0,,,,,,0,0,,,,,
117,0021501163,128,4,0,2,11:14 PM,10:18,,,Towns REBOUND (Off:0 Def:5),,,5.0,1626157,Karl-Anthony Towns,1610612750.0,Minnesota,Timberwolves,MIN,0,0,,,,,,0,0,,,,,
118,0021501163,129,2,1,2,11:14 PM,10:02,,,MISS Towns 20' Jump Shot,,,5.0,1626157,Karl-Anthony Towns,1610612750.0,Minnesota,Timberwolves,MIN,0,0,,,,,,0,0,,,,,
119,0021501163,130,4,0,2,11:14 PM,10:01,Rush REBOUND (Off:0 Def:2),,,,,4.0,201575,Brandon Rush,1610612744.0,Golden State,Warriors,GSW,0,0,,,,,,0,0,,,,,
120,0021501163,131,1,47,2,11:14 PM,9:52,Livingston 12' Turnaround Jump Shot (2 PTS),,,21 - 32,11,4.0,2733,Shaun Livingston,1610612744.0,Golden State,Warriors,GSW,0,0,,,,,,0,0,,,,,
121,0021501163,132,6,2,2,11:14 PM,9:52,,,Jones S.FOUL (P1.T1) (J.Tiven),,,5.0,1626145,Tyus Jones,1610612750.0,Minnesota,Timberwolves,MIN,4,2733,Shaun Livingston,1610612744.0,Golden State,Warriors,GSW,1,0,,,,,
122,0021501163,133,8,0,2,11:15 PM,9:52,SUB: Thompson FOR Barbosa,,,,,4.0,2571,Leandro Barbosa,1610612744.0,Golden State,Warriors,GSW,4,202691,Klay Thompson,1610612744.0,Golden State,Warriors,GSW,0,0,,,,,
123,0021501163,134,3,10,2,11:15 PM,9:52,Livingston Free Throw 1 of 1 (3 PTS),,,21 - 33,12,4.0,2733,Shaun Livingston,1610612744.0,Golden State,Warriors,GSW,0,0,,,,,,0,0,,,,,
124,0021501163,136,2,1,2,11:15 PM,9:40,,,MISS Bjelica 8' Jump Shot,,,5.0,202357,Nemanja Bjelica,1610612750.0,Minnesota,Timberwolves,MIN,0,0,,,,,,0,0,,,,,
125,0021501163,137,4,0,2,11:15 PM,9:40,Livingston REBOUND (Off:0 Def:2),,,,,4.0,2733,Shaun Livingston,1610612744.0,Golden State,Warriors,GSW,0,0,,,,,,0,0,,,,,
126,0021501163,138,2,1,2,11:15 PM,9:33,MISS Thompson 16' Jump Shot,,,,,4.0,202691,Klay Thompson,1610612744.0,Golden State,Warriors,GSW,0,0,,,,,,0,0,,,,,
127,0021501163,139,4,0,2,11:15 PM,9:32,,,Muhammad REBOUND (Off:0 Def:1),,,5.0,203498,Shabazz Muhammad,1610612750.0,Minnesota,Timberwolves,MIN,0,0,,,,,,0,0,,,,,
128,0021501163,140,1,50,2,11:15 PM,9:28,,,Muhammad  Running Dunk (5 PTS),23 - 33,10,5.0,203498,Shabazz Muhammad,1610612750.0,Minnesota,Timberwolves,MIN,0,0,,,,,,0,0,,,,,
129,0021501163,141,5,4,2,11:16 PM,9:13,Speights Traveling Turnover (P1.T7),,,,,4.0,201578,Marreese Speights,1610612744.0,Golden State,Warriors,GSW,0,0,,,,,,1,0,,,,,
130,0021501163,142,2,78,2,11:16 PM,8:53,,,MISS Bjelica 4' Floating Jump Shot,,,5.0,202357,Nemanja Bjelica,1610612750.0,Minnesota,Timberwolves,MIN,0,0,,,,,,0,0,,,,,
131,0021501163,143,4,0,2,11:16 PM,8:51,,,Towns REBOUND (Off:1 Def:5),,,5.0,1626157,Karl-Anthony Towns,1610612750.0,Minnesota,Timberwolves,MIN,0,0,,,,,,0,0,,,,,
132,0021501163,144,1,5,2,11:16 PM,8:50,,,Towns 2' Layup (8 PTS),25 - 33,8,5.0,1626157,Karl-Anthony Towns,1610612750.0,Minnesota,Timberwolves,MIN,0,0,,,,,,0,0,,,,,
133,0021501163,145,5,4,2,11:16 PM,8:39,Speights Traveling Turnover (P2.T8),,,,,4.0,201578,Marreese Speights,1610612744.0,Golden State,Warriors,GSW,0,0,,,,,,1,0,,,,,
134,0021501163,146,9,4,2,11:17 PM,8:39,,,,,,1.0,0,,,,,,0,0,,,,,,0,0,,,,,
135,0021501163,149,2,1,2,11:20 PM,8:28,,,MISS Prince 3' Jump Shot,,,5.0,2419,Tayshaun Prince,1610612750.0,Minnesota,Timberwolves,MIN,0,0,,,,,,0,0,,,,,
136,0021501163,151,4,0,2,11:20 PM,8:27,,,Muhammad REBOUND (Off:1 Def:1),,,5.0,203498,Shabazz Muhammad,1610612750.0,Minnesota,Timberwolves,MIN,0,0,,,,,,0,0,,,,,
137,0021501163,150,1,72,2,11:20 PM,8:27,,,Muhammad 3' Putback Layup (7 PTS),27 - 33,6,5.0,203498,Shabazz Muhammad,1610612750.0,Minnesota,Timberwolves,MIN,0,0,,,,,,0,0,,,,,
138,0021501163,152,2,1,2,11:20 PM,8:15,MISS Rush 13' Jump Shot,,,,,4.0,201575,Brandon Rush,1610612744.0,Golden State,Warriors,GSW,0,0,,,,,,0,0,,,,,
139,0021501163,155,4,0,2,11:20 PM,8:08,,,Prince REBOUND (Off:0 Def:1),,,5.0,2419,Tayshaun Prince,1610612750.0,Minnesota,Timberwolves,MIN,0,0,,,,,,0,0,,,,,
140,0021501163,156,1,42,2,11:20 PM,8:05,,,Muhammad 1' Driving Layup (9 PTS) (Jones 1 AST),29 - 33,4,5.0,203498,Shabazz Muhammad,1610612750.0,Minnesota,Timberwolves,MIN,5,1626145,Tyus Jones,1610612750.0,Minnesota,Timberwolves,MIN,0,0,,,,,
141,0021501163,157,5,40,2,11:20 PM,7:47,Thompson Out of Bounds Lost Ball Turnover (P1.T9),,,,,4.0,202691,Klay Thompson,1610612744.0,Golden State,Warriors,GSW,0,0,,,,,,1,0,,,,,
142,0021501163,158,8,0,2,11:20 PM,7:47,SUB: Bogut FOR Speights,,,,,4.0,201578,Marreese Speights,1610612744.0,Golden State,Warriors,GSW,4,101106,Andrew Bogut,1610612744.0,Golden State,Warriors,GSW,0,0,,,,,
143,0021501163,159,6,2,2,11:21 PM,7:31,Barnes S.FOUL (P1.T1) (L.Holtkamp),,,,,4.0,203084,Harrison Barnes,1610612744.0,Golden State,Warriors,GSW,5,1626145,Tyus Jones,1610612750.0,Minnesota,Timberwolves,MIN,1,0,,,,,
144,0021501163,160,3,11,2,11:21 PM,7:31,,,Jones Free Throw 1 of 2 (3 PTS),30 - 33,3,5.0,1626145,Tyus Jones,1610612750.0,Minnesota,Timberwolves,MIN,0,0,,,,,,0,0,,,,,
145,0021501163,162,8,0,2,11:21 PM,7:31,SUB: Curry FOR Rush,,,,,4.0,201575,Brandon Rush,1610612744.0,Golden State,Warriors,GSW,4,201939,Stephen Curry,1610612744.0,Golden State,Warriors,GSW,0,0,,,,,
146,0021501163,163,3,12,2,11:21 PM,7:31,,,MISS Jones Free Throw 2 of 2,,,5.0,1626145,Tyus Jones,1610612750.0,Minnesota,Timberwolves,MIN,0,0,,,,,,0,0,,,,,
147,0021501163,165,4,0,2,11:21 PM,7:31,Thompson REBOUND (Off:0 Def:2),,,,,4.0,202691,Klay Thompson,1610612744.0,Golden State,Warriors,GSW,0,0,,,,,,0,0,,,,,
148,0021501163,166,1,80,2,11:22 PM,7:19,Thompson 27' 3PT Step Back Jump Shot (8 PTS) (Bogut 2 AST),,,30 - 36,6,4.0,202691,Klay Thompson,1610612744.0,Golden State,Warriors,GSW,4,101106,Andrew Bogut,1610612744.0,Golden State,Warriors,GSW,0,0,,,,,
149,0021501163,167,2,1,2,11:22 PM,7:02,,,MISS Prince 24' 3PT Jump Shot,,,5.0,2419,Tayshaun Prince,1610612750.0,Minnesota,Timberwolves,MIN,0,0,,,,,,0,0,,,,,
150,0021501163,168,4,0,2,11:22 PM,7:02,,,Bjelica REBOUND (Off:1 Def:0),,,5.0,202357,Nemanja Bjelica,1610612750.0,Minnesota,Timberwolves,MIN,0,0,,,,,,0,0,,,,,
151,0021501163,169,1,87,2,11:22 PM,7:00,,,Muhammad  Putback Dunk (11 PTS) (Bjelica 2 AST),32 - 36,4,5.0,203498,Shabazz Muhammad,1610612750.0,Minnesota,Timberwolves,MIN,5,202357,Nemanja Bjelica,1610612750.0,Minnesota,Timberwolves,MIN,0,0,,,,,
152,0021501163,170,1,63,2,11:22 PM,6:47,Thompson 9' Fadeaway Jumper (10 PTS),,,32 - 38,6,4.0,202691,Klay Thompson,1610612744.0,Golden State,Warriors,GSW,0,0,,,,,,0,0,,,,,
153,0021501163,171,2,42,2,11:22 PM,6:33,,,MISS Jones 2' Driving Layup,,,5.0,1626145,Tyus Jones,1610612750.0,Minnesota,Timberwolves,MIN,0,0,,,,,,0,0,,,,,
154,0021501163,172,4,0,2,11:22 PM,6:33,Curry REBOUND (Off:0 Def:3),,,,,4.0,201939,Stephen Curry,1610612744.0,Golden State,Warriors,GSW,0,0,,,,,,0,0,,,,,
155,0021501163,173,2,1,2,11:22 PM,6:26,MISS Curry 27' 3PT Jump Shot,,,,,4.0,201939,Stephen Curry,1610612744.0,Golden State,Warriors,GSW,0,0,,,,,,0,0,,,,,
156,0021501163,175,4,0,2,11:22 PM,6:24,Barnes REBOUND (Off:1 Def:1),,,,,4.0,203084,Harrison Barnes,1610612744.0,Golden State,Warriors,GSW,0,0,,,,,,0,0,,,,,
157,0021501163,174,1,87,2,11:22 PM,6:24,Barnes  Putback Dunk (15 PTS),,,32 - 40,8,4.0,203084,Harrison Barnes,1610612744.0,Golden State,Warriors,GSW,0,0,,,,,,0,0,,,,,
158,0021501163,176,9,1,2,11:23 PM,6:23,,,Timberwolves Timeout: Regular (Reg.2 Short 0),,,3.0,1610612750,,,,,,0,0,,,,,,0,0,,,,,
159,0021501163,179,8,0,2,11:25 PM,6:23,,,SUB: Wiggins FOR Jones,,,5.0,1626145,Tyus Jones,1610612750.0,Minnesota,Timberwolves,MIN,5,203952,Andrew Wiggins,1610612750.0,Minnesota,Timberwolves,MIN,0,0,,,,,
160,0021501163,180,8,0,2,11:25 PM,6:23,,,SUB: Rubio FOR Prince,,,5.0,2419,Tayshaun Prince,1610612750.0,Minnesota,Timberwolves,MIN,5,201937,Ricky Rubio,1610612750.0,Minnesota,Timberwolves,MIN,0,0,,,,,
161,0021501163,181,1,3,2,11:26 PM,6:05,,,Towns 8' Hook Shot (10 PTS),34 - 40,6,5.0,1626157,Karl-Anthony Towns,1610612750.0,Minnesota,Timberwolves,MIN,0,0,,,,,,0,0,,,,,
162,0021501163,182,6,2,2,11:26 PM,6:05,Bogut S.FOUL (P3.T2) (L.Holtkamp),,,,,4.0,101106,Andrew Bogut,1610612744.0,Golden State,Warriors,GSW,5,1626157,Karl-Anthony Towns,1610612750.0,Minnesota,Timberwolves,MIN,1,0,,,,,
163,0021501163,183,8,0,2,11:26 PM,6:05,SUB: Green FOR Bogut,,,,,4.0,101106,Andrew Bogut,1610612744.0,Golden State,Warriors,GSW,4,203110,Draymond Green,1610612744.0,Golden State,Warriors,GSW,0,0,,,,,
164,0021501163,184,3,10,2,11:26 PM,6:05,,,MISS Towns Free Throw 1 of 1,,,5.0,1626157,Karl-Anthony Towns,1610612750.0,Minnesota,Timberwolves,MIN,0,0,,,,,,0,0,,,,,
165,0021501163,186,4,0,2,11:27 PM,6:04,Livingston REBOUND (Off:0 Def:3),,,,,4.0,2733,Shaun Livingston,1610612744.0,Golden State,Warriors,GSW,0,0,,,,,,0,0,,,,,
166,0021501163,187,1,52,2,11:27 PM,5:53,Livingston  Alley Oop Dunk (5 PTS) (Curry 7 AST),,,34 - 42,8,4.0,2733,Shaun Livingston,1610612744.0,Golden State,Warriors,GSW,4,201939,Stephen Curry,1610612744.0,Golden State,Warriors,GSW,0,0,,,,,
167,0021501163,188,2,1,2,11:27 PM,5:27,,,MISS Rubio 27' 3PT Jump Shot,,,5.0,201937,Ricky Rubio,1610612750.0,Minnesota,Timberwolves,MIN,0,0,,,,,,0,0,,,,,
168,0021501163,189,4,0,2,11:27 PM,5:25,,,Wiggins REBOUND (Off:1 Def:0),,,5.0,203952,Andrew Wiggins,1610612750.0,Minnesota,Timberwolves,MIN,0,0,,,,,,0,0,,,,,
169,0021501163,190,1,49,2,11:27 PM,5:21,,,Muhammad  Driving Dunk (13 PTS) (Wiggins 2 AST),36 - 42,6,5.0,203498,Shabazz Muhammad,1610612750.0,Minnesota,Timberwolves,MIN,5,203952,Andrew Wiggins,1610612750.0,Minnesota,Timberwolves,MIN,0,0,,,,,
170,0021501163,191,2,1,2,11:27 PM,5:09,MISS Green 29' 3PT Jump Shot,,,,,4.0,203110,Draymond Green,1610612744.0,Golden State,Warriors,GSW,0,0,,,,,,0,0,,,,,
171,0021501163,192,4,0,2,11:28 PM,5:08,,,Timberwolves Rebound,,,3.0,1610612750,,,,,,0,0,,,,,,0,0,,,,,
172,0021501163,193,6,3,2,11:28 PM,5:08,Livingston L.B.FOUL (P1.T3) (J.Tiven),,,,,4.0,2733,Shaun Livingston,1610612744.0,Golden State,Warriors,GSW,5,201937,Ricky Rubio,1610612750.0,Minnesota,Timberwolves,MIN,1,0,,,,,
173,0021501163,194,8,0,2,11:28 PM,5:08,,,SUB: LaVine FOR Bjelica,,,5.0,202357,Nemanja Bjelica,1610612750.0,Minnesota,Timberwolves,MIN,5,203897,Zach LaVine,1610612750.0,Minnesota,Timberwolves,MIN,0,0,,,,,
174,0021501163,195,5,45,2,11:28 PM,4:58,,,Rubio Out of Bounds - Bad Pass Turnover Turnover (P3.T6),,,5.0,201937,Ricky Rubio,1610612750.0,Minnesota,Timberwolves,MIN,0,0,,,,,,1,0,,,,,
175,0021501163,196,1,75,2,11:28 PM,4:40,Livingston 1' Driving Finger Roll Layup (7 PTS) (Curry 8 AST),,,36 - 44,8,4.0,2733,Shaun Livingston,1610612744.0,Golden State,Warriors,GSW,4,201939,Stephen Curry,1610612744.0,Golden State,Warriors,GSW,0,0,,,,,
176,0021501163,198,8,0,2,11:29 PM,4:28,SUB: Iguodala FOR Livingston,,,,,4.0,2733,Shaun Livingston,1610612744.0,Golden State,Warriors,GSW,4,2738,Andre Iguodala,1610612744.0,Golden State,Warriors,GSW,0,0,,,,,
177,0021501163,199,5,11,2,11:29 PM,4:14,,,Timberwolves Turnover: Shot Clock (T#7),,,3.0,1610612750,,,,,,0,0,,,,,,1,0,,,,,
178,0021501163,200,1,99,2,11:30 PM,4:05,Green 2' Cutting Finger Roll Layup Shot (8 PTS) (Curry 9 AST),,,36 - 46,10,4.0,203110,Draymond Green,1610612744.0,Golden State,Warriors,GSW,4,201939,Stephen Curry,1610612744.0,Golden State,Warriors,GSW,0,0,,,,,
179,0021501163,201,7,5,2,11:30 PM,3:50,Iguodala Violation:Kicked Ball (T.Washington),,,,,4.0,2738,Andre Iguodala,1610612744.0,Golden State,Warriors,GSW,0,0,,,,,,1,0,,,,,
180,0021501163,202,5,39,2,11:30 PM,3:46,,,Rubio Step Out of Bounds Turnover (P4.T8),,,5.0,201937,Ricky Rubio,1610612750.0,Minnesota,Timberwolves,MIN,0,0,,,,,,1,0,,,,,
181,0021501163,203,1,79,2,11:31 PM,3:29,Barnes  3PT Pullup Jump Shot (18 PTS) (Iguodala 1 AST),,,36 - 49,13,4.0,203084,Harrison Barnes,1610612744.0,Golden State,Warriors,GSW,4,2738,Andre Iguodala,1610612744.0,Golden State,Warriors,GSW,0,0,,,,,
182,0021501163,204,1,108,2,11:31 PM,3:14,,,Wiggins  Cutting Dunk Shot (2 PTS) (Towns 1 AST),38 - 49,11,5.0,203952,Andrew Wiggins,1610612750.0,Minnesota,Timberwolves,MIN,5,1626157,Karl-Anthony Towns,1610612750.0,Minnesota,Timberwolves,MIN,0,0,,,,,
183,0021501163,205,2,1,2,11:31 PM,3:02,MISS Curry 26' 3PT Jump Shot,,,,,4.0,201939,Stephen Curry,1610612744.0,Golden State,Warriors,GSW,0,0,,,,,,0,0,,,,,
184,0021501163,206,4,0,2,11:31 PM,3:01,Barnes REBOUND (Off:2 Def:1),,,,,4.0,203084,Harrison Barnes,1610612744.0,Golden State,Warriors,GSW,0,0,,,,,,0,0,,,,,
185,0021501163,207,5,2,2,11:31 PM,2:58,Iguodala Lost Ball Turnover (P1.T10),,Rubio STEAL (1 STL),,,4.0,2738,Andre Iguodala,1610612744.0,Golden State,Warriors,GSW,5,201937,Ricky Rubio,1610612750.0,Minnesota,Timberwolves,MIN,0,0,,,,,
186,0021501163,208,2,5,2,11:32 PM,2:55,Green BLOCK (1 BLK),,MISS Muhammad 2' Layup,,,5.0,203498,Shabazz Muhammad,1610612750.0,Minnesota,Timberwolves,MIN,0,0,,,,,,4,203110,Draymond Green,1610612744.0,Golden State,Warriors,GSW
187,0021501163,209,4,0,2,11:32 PM,2:55,,,Timberwolves Rebound,,,3.0,1610612750,,,,,,0,0,,,,,,0,0,,,,,
188,0021501163,210,9,1,2,11:32 PM,2:55,WARRIORS Timeout: Regular (Full 2 Short 0),,,,,2.0,1610612744,,,,,,0,0,,,,,,0,0,,,,,
189,0021501163,212,1,79,2,11:35 PM,2:44,,,LaVine 26' 3PT Pullup Jump Shot (5 PTS) (Towns 2 AST),41 - 49,8,5.0,203897,Zach LaVine,1610612750.0,Minnesota,Timberwolves,MIN,5,1626157,Karl-Anthony Towns,1610612750.0,Minnesota,Timberwolves,MIN,0,0,,,,,
190,0021501163,213,2,1,2,11:35 PM,2:22,MISS Barnes  3PT Jump Shot,,,,,4.0,203084,Harrison Barnes,1610612744.0,Golden State,Warriors,GSW,0,0,,,,,,0,0,,,,,
191,0021501163,215,4,0,2,11:35 PM,2:20,Curry REBOUND (Off:1 Def:3),,,,,4.0,201939,Stephen Curry,1610612744.0,Golden State,Warriors,GSW,0,0,,,,,,0,0,,,,,
192,0021501163,214,2,72,2,11:35 PM,2:20,MISS Curry 2' Putback Layup,,,,,4.0,201939,Stephen Curry,1610612744.0,Golden State,Warriors,GSW,0,0,,,,,,0,0,,,,,
193,0021501163,216,4,0,2,11:35 PM,2:18,,,Muhammad REBOUND (Off:1 Def:2),,,5.0,203498,Shabazz Muhammad,1610612750.0,Minnesota,Timberwolves,MIN,0,0,,,,,,0,0,,,,,
194,0021501163,217,1,79,2,11:35 PM,2:02,,,Wiggins 24' 3PT Pullup Jump Shot (5 PTS) (LaVine 2 AST),44 - 49,5,5.0,203952,Andrew Wiggins,1610612750.0,Minnesota,Timberwolves,MIN,5,203897,Zach LaVine,1610612750.0,Minnesota,Timberwolves,MIN,0,0,,,,,
195,0021501163,218,2,78,2,11:36 PM,1:45,MISS Curry 3' Floating Jump Shot,,,,,4.0,201939,Stephen Curry,1610612744.0,Golden State,Warriors,GSW,0,0,,,,,,0,0,,,,,
196,0021501163,219,4,0,2,11:36 PM,1:44,,,Rubio REBOUND (Off:0 Def:1),,,5.0,201937,Ricky Rubio,1610612750.0,Minnesota,Timberwolves,MIN,0,0,,,,,,0,0,,,,,
197,0021501163,220,5,1,2,11:36 PM,1:39,Green STEAL (3 STL),,Muhammad Bad Pass Turnover (P1.T9),,,5.0,203498,Shabazz Muhammad,1610612750.0,Minnesota,Timberwolves,MIN,4,203110,Draymond Green,1610612744.0,Golden State,Warriors,GSW,0,0,,,,,
198,0021501163,221,1,41,2,11:36 PM,1:33,Thompson  Running Layup (12 PTS) (Green 4 AST),,,44 - 51,7,4.0,202691,Klay Thompson,1610612744.0,Golden State,Warriors,GSW,4,203110,Draymond Green,1610612744.0,Golden State,Warriors,GSW,0,0,,,,,
199,0021501163,222,2,1,2,11:36 PM,1:11,,,MISS Wiggins 19' Jump Shot,,,5.0,203952,Andrew Wiggins,1610612750.0,Minnesota,Timberwolves,MIN,0,0,,,,,,0,0,,,,,
200,0021501163,223,4,0,2,11:36 PM,1:11,Green REBOUND (Off:0 Def:3),,,,,4.0,203110,Draymond Green,1610612744.0,Golden State,Warriors,GSW,0,0,,,,,,0,0,,,,,
201,0021501163,224,1,48,2,11:36 PM,1:05,Iguodala  Dunk (2 PTS) (Curry 10 AST),,,44 - 53,9,4.0,2738,Andre Iguodala,1610612744.0,Golden State,Warriors,GSW,4,201939,Stephen Curry,1610612744.0,Golden State,Warriors,GSW,0,0,,,,,
202,0021501163,225,2,1,2,11:37 PM,0:45,,,MISS Rubio 17' Jump Shot,,,5.0,201937,Ricky Rubio,1610612750.0,Minnesota,Timberwolves,MIN,0,0,,,,,,0,0,,,,,
203,0021501163,226,4,0,2,11:37 PM,0:45,Iguodala REBOUND (Off:0 Def:1),,,,,4.0,2738,Andre Iguodala,1610612744.0,Golden State,Warriors,GSW,0,0,,,,,,0,0,,,,,
204,0021501163,227,2,79,2,11:37 PM,0:39,MISS Thompson 27' 3PT Pullup Jump Shot,,,,,4.0,202691,Klay Thompson,1610612744.0,Golden State,Warriors,GSW,0,0,,,,,,0,0,,,,,
205,0021501163,228,4,0,2,11:37 PM,0:38,,,LaVine REBOUND (Off:0 Def:3),,,5.0,203897,Zach LaVine,1610612750.0,Minnesota,Timberwolves,MIN,0,0,,,,,,0,0,,,,,
206,0021501163,229,2,1,2,11:37 PM,0:31,Thompson BLOCK (1 BLK),,MISS LaVine 3' Jump Shot,,,5.0,203897,Zach LaVine,1610612750.0,Minnesota,Timberwolves,MIN,0,0,,,,,,4,202691,Klay Thompson,1610612744.0,Golden State,Warriors,GSW
207,0021501163,230,4,0,2,11:37 PM,0:30,Curry REBOUND (Off:1 Def:4),,,,,4.0,201939,Stephen Curry,1610612744.0,Golden State,Warriors,GSW,0,0,,,,,,0,0,,,,,
208,0021501163,231,6,2,2,11:37 PM,0:27,,,Rubio S.FOUL (P3.T2) (T.Washington),,,5.0,201937,Ricky Rubio,1610612750.0,Minnesota,Timberwolves,MIN,4,201939,Stephen Curry,1610612744.0,Golden State,Warriors,GSW,1,0,,,,,
209,0021501163,232,3,11,2,11:37 PM,0:27,Curry Free Throw 1 of 2 (1 PTS),,,44 - 54,10,4.0,201939,Stephen Curry,1610612744.0,Golden State,Warriors,GSW,0,0,,,,,,0,0,,,,,
210,0021501163,234,8,0,2,11:37 PM,0:27,,,SUB: Jones FOR Rubio,,,5.0,201937,Ricky Rubio,1610612750.0,Minnesota,Timberwolves,MIN,5,1626145,Tyus Jones,1610612750.0,Minnesota,Timberwolves,MIN,0,0,,,,,
211,0021501163,235,3,12,2,11:38 PM,0:27,Curry Free Throw 2 of 2 (2 PTS),,,44 - 55,11,4.0,201939,Stephen Curry,1610612744.0,Golden State,Warriors,GSW,0,0,,,,,,0,0,,,,,
212,0021501163,237,1,73,2,11:38 PM,0:10,,,Jones 1' Driving Reverse Layup (5 PTS),46 - 55,9,5.0,1626145,Tyus Jones,1610612750.0,Minnesota,Timberwolves,MIN,0,0,,,,,,0,0,,,,,
213,0021501163,238,2,1,2,11:38 PM,0:02,MISS Curry 30' 3PT Jump Shot,,,,,4.0,201939,Stephen Curry,1610612744.0,Golden State,Warriors,GSW,0,0,,,,,,0,0,,,,,
214,0021501163,239,4,0,2,11:38 PM,0:00,WARRIORS Rebound,,,,,2.0,1610612744,,,,,,0,0,,,,,,0,0,,,,,
215,0021501163,240,13,0,2,11:38 PM,0:00,,,,46 - 55,9,0.0,0,,,,,,0,0,,,,,,0,0,,,,,
216,0021501163,242,12,0,3,11:57 PM,12:00,,,,46 - 55,9,0.0,0,,,,,,0,0,,,,,,0,0,,,,,
217,0021501163,243,2,80,3,11:57 PM,11:45,,,MISS LaVine 26' 3PT Step Back Jump Shot,,,5.0,203897,Zach LaVine,1610612750.0,Minnesota,Timberwolves,MIN,0,0,,,,,,0,0,,,,,
218,0021501163,244,4,0,3,11:57 PM,11:44,Bogut REBOUND (Off:0 Def:4),,,,,4.0,101106,Andrew Bogut,1610612744.0,Golden State,Warriors,GSW,0,0,,,,,,0,0,,,,,
219,0021501163,245,2,5,3,11:57 PM,11:28,MISS Bogut 2' Layup,,Dieng BLOCK (1 BLK),,,4.0,101106,Andrew Bogut,1610612744.0,Golden State,Warriors,GSW,0,0,,,,,,5,203476,Gorgui Dieng,1610612750.0,Minnesota,Timberwolves,MIN
220,0021501163,246,4,0,3,11:57 PM,11:27,,,Dieng REBOUND (Off:0 Def:3),,,5.0,203476,Gorgui Dieng,1610612750.0,Minnesota,Timberwolves,MIN,0,0,,,,,,0,0,,,,,
221,0021501163,247,1,50,3,11:57 PM,11:22,,,Wiggins 1' Running Dunk (7 PTS) (Rubio 4 AST),48 - 55,7,5.0,203952,Andrew Wiggins,1610612750.0,Minnesota,Timberwolves,MIN,5,201937,Ricky Rubio,1610612750.0,Minnesota,Timberwolves,MIN,0,0,,,,,
222,0021501163,248,2,1,3,11:58 PM,11:04,MISS Thompson 26' 3PT Jump Shot,,,,,4.0,202691,Klay Thompson,1610612744.0,Golden State,Warriors,GSW,0,0,,,,,,0,0,,,,,
223,0021501163,249,4,0,3,11:58 PM,11:04,,,Towns REBOUND (Off:1 Def:6),,,5.0,1626157,Karl-Anthony Towns,1610612750.0,Minnesota,Timberwolves,MIN,0,0,,,,,,0,0,,,,,
224,0021501163,250,6,2,3,11:58 PM,10:50,Green S.FOUL (P2.T1) (T.Washington),,,,,4.0,203110,Draymond Green,1610612744.0,Golden State,Warriors,GSW,5,1626157,Karl-Anthony Towns,1610612750.0,Minnesota,Timberwolves,MIN,1,0,,,,,
225,0021501163,251,3,11,3,11:58 PM,10:50,,,Towns Free Throw 1 of 2 (11 PTS),49 - 55,6,5.0,1626157,Karl-Anthony Towns,1610612750.0,Minnesota,Timberwolves,MIN,0,0,,,,,,0,0,,,,,
226,0021501163,253,3,12,3,11:58 PM,10:50,,,MISS Towns Free Throw 2 of 2,,,5.0,1626157,Karl-Anthony Towns,1610612750.0,Minnesota,Timberwolves,MIN,0,0,,,,,,0,0,,,,,
227,0021501163,255,4,0,3,11:59 PM,10:49,Bogut REBOUND (Off:0 Def:5),,,,,4.0,101106,Andrew Bogut,1610612744.0,Golden State,Warriors,GSW,0,0,,,,,,0,0,,,,,
228,0021501163,256,5,1,3,11:59 PM,10:34,Barnes Bad Pass Turnover (P1.T11),,LaVine STEAL (1 STL),,,4.0,203084,Harrison Barnes,1610612744.0,Golden State,Warriors,GSW,5,203897,Zach LaVine,1610612750.0,Minnesota,Timberwolves,MIN,0,0,,,,,
229,0021501163,257,6,1,3,11:59 PM,10:30,Curry P.FOUL (P2.T2) (J.Tiven),,,,,4.0,201939,Stephen Curry,1610612744.0,Golden State,Warriors,GSW,5,203897,Zach LaVine,1610612750.0,Minnesota,Timberwolves,MIN,1,0,,,,,
230,0021501163,258,2,5,3,11:59 PM,10:26,,,MISS Towns 2' Layup,,,5.0,1626157,Karl-Anthony Towns,1610612750.0,Minnesota,Timberwolves,MIN,0,0,,,,,,0,0,,,,,
231,0021501163,259,4,0,3,11:59 PM,10:26,Bogut REBOUND (Off:0 Def:6),,,,,4.0,101106,Andrew Bogut,1610612744.0,Golden State,Warriors,GSW,0,0,,,,,,0,0,,,,,
232,0021501163,260,2,1,3,11:59 PM,10:18,MISS Green 4' Jump Shot,,,,,4.0,203110,Draymond Green,1610612744.0,Golden State,Warriors,GSW,0,0,,,,,,0,0,,,,,
233,0021501163,261,4,0,3,11:59 PM,10:18,,,Wiggins REBOUND (Off:1 Def:1),,,5.0,203952,Andrew Wiggins,1610612750.0,Minnesota,Timberwolves,MIN,0,0,,,,,,0,0,,,,,
234,0021501163,262,5,40,3,12:00 AM,10:14,,,Wiggins Out of Bounds Lost Ball Turnover (P2.T10),,,5.0,203952,Andrew Wiggins,1610612750.0,Minnesota,Timberwolves,MIN,0,0,,,,,,1,0,,,,,
235,0021501163,263,1,3,3,12:00 AM,10:01,Bogut 5' Hook Shot (6 PTS) (Curry 11 AST),,,49 - 57,8,4.0,101106,Andrew Bogut,1610612744.0,Golden State,Warriors,GSW,4,201939,Stephen Curry,1610612744.0,Golden State,Warriors,GSW,0,0,,,,,
236,0021501163,264,2,5,3,12:00 AM,9:48,,,MISS Wiggins 3' Layup,,,5.0,203952,Andrew Wiggins,1610612750.0,Minnesota,Timberwolves,MIN,0,0,,,,,,0,0,,,,,
237,0021501163,265,4,0,3,12:00 AM,9:48,,,Towns REBOUND (Off:2 Def:6),,,5.0,1626157,Karl-Anthony Towns,1610612750.0,Minnesota,Timberwolves,MIN,0,0,,,,,,0,0,,,,,
238,0021501163,266,2,5,3,12:00 AM,9:46,Green BLOCK (2 BLK),,MISS Towns 2' Layup,,,5.0,1626157,Karl-Anthony Towns,1610612750.0,Minnesota,Timberwolves,MIN,0,0,,,,,,4,203110,Draymond Green,1610612744.0,Golden State,Warriors,GSW
239,0021501163,267,4,0,3,12:00 AM,9:44,Green REBOUND (Off:0 Def:4),,,,,4.0,203110,Draymond Green,1610612744.0,Golden State,Warriors,GSW,0,0,,,,,,0,0,,,,,
240,0021501163,268,2,1,3,12:00 AM,9:27,MISS Green 26' 3PT Jump Shot,,,,,4.0,203110,Draymond Green,1610612744.0,Golden State,Warriors,GSW,0,0,,,,,,0,0,,,,,
241,0021501163,269,4,0,3,12:00 AM,9:26,,,Towns REBOUND (Off:2 Def:7),,,5.0,1626157,Karl-Anthony Towns,1610612750.0,Minnesota,Timberwolves,MIN,0,0,,,,,,0,0,,,,,
242,0021501163,270,5,1,3,12:01 AM,9:18,Curry STEAL (2 STL),,LaVine Bad Pass Turnover (P1.T11),,,5.0,203897,Zach LaVine,1610612750.0,Minnesota,Timberwolves,MIN,4,201939,Stephen Curry,1610612744.0,Golden State,Warriors,GSW,0,0,,,,,
243,0021501163,271,1,79,3,12:01 AM,9:11,Curry 25' 3PT Pullup Jump Shot (5 PTS),,,49 - 60,11,4.0,201939,Stephen Curry,1610612744.0,Golden State,Warriors,GSW,0,0,,,,,,0,0,,,,,
244,0021501163,272,9,1,3,12:01 AM,9:09,,,Timberwolves Timeout: Regular (Reg.3 Short 0),,,3.0,1610612750,,,,,,0,0,,,,,,0,0,,,,,
245,0021501163,275,2,1,3,12:04 AM,8:50,,,MISS Dieng 8' Jump Shot,,,5.0,203476,Gorgui Dieng,1610612750.0,Minnesota,Timberwolves,MIN,0,0,,,,,,0,0,,,,,
246,0021501163,276,4,0,3,12:04 AM,8:49,Bogut REBOUND (Off:0 Def:7),,,,,4.0,101106,Andrew Bogut,1610612744.0,Golden State,Warriors,GSW,0,0,,,,,,0,0,,,,,
247,0021501163,277,5,1,3,12:04 AM,8:40,Green Bad Pass Turnover (P4.T12),,Dieng STEAL (1 STL),,,4.0,203110,Draymond Green,1610612744.0,Golden State,Warriors,GSW,5,203476,Gorgui Dieng,1610612750.0,Minnesota,Timberwolves,MIN,0,0,,,,,
248,0021501163,278,5,1,3,12:04 AM,8:33,,,Wiggins Bad Pass Turnover (P3.T12),,,5.0,203952,Andrew Wiggins,1610612750.0,Minnesota,Timberwolves,MIN,0,0,,,,,,1,0,,,,,
249,0021501163,279,1,79,3,12:05 AM,8:18,Thompson 25' 3PT Pullup Jump Shot (15 PTS) (Bogut 3 AST),,,49 - 63,14,4.0,202691,Klay Thompson,1610612744.0,Golden State,Warriors,GSW,4,101106,Andrew Bogut,1610612744.0,Golden State,Warriors,GSW,0,0,,,,,
250,0021501163,280,2,5,3,12:05 AM,8:00,,,MISS Dieng 3' Layup,,,5.0,203476,Gorgui Dieng,1610612750.0,Minnesota,Timberwolves,MIN,0,0,,,,,,0,0,,,,,
251,0021501163,281,4,0,3,12:05 AM,8:00,Bogut REBOUND (Off:0 Def:8),,,,,4.0,101106,Andrew Bogut,1610612744.0,Golden State,Warriors,GSW,0,0,,,,,,0,0,,,,,
252,0021501163,282,2,42,3,12:05 AM,7:49,MISS Green 1' Driving Layup,,,,,4.0,203110,Draymond Green,1610612744.0,Golden State,Warriors,GSW,0,0,,,,,,0,0,,,,,
253,0021501163,284,4,0,3,12:05 AM,7:49,Bogut REBOUND (Off:1 Def:8),,,,,4.0,101106,Andrew Bogut,1610612744.0,Golden State,Warriors,GSW,0,0,,,,,,0,0,,,,,
254,0021501163,283,1,87,3,12:05 AM,7:49,Bogut  Putback Dunk (8 PTS),,,49 - 65,16,4.0,101106,Andrew Bogut,1610612744.0,Golden State,Warriors,GSW,0,0,,,,,,0,0,,,,,
255,0021501163,285,6,1,3,12:06 AM,7:39,Green P.FOUL (P3.T3) (L.Holtkamp),,,,,4.0,203110,Draymond Green,1610612744.0,Golden State,Warriors,GSW,5,1626157,Karl-Anthony Towns,1610612750.0,Minnesota,Timberwolves,MIN,1,0,,,,,
256,0021501163,286,8,0,3,12:06 AM,7:39,,,SUB: Muhammad FOR Dieng,,,5.0,203476,Gorgui Dieng,1610612750.0,Minnesota,Timberwolves,MIN,5,203498,Shabazz Muhammad,1610612750.0,Minnesota,Timberwolves,MIN,0,0,,,,,
257,0021501163,287,1,79,3,12:06 AM,7:28,,,LaVine 26' 3PT Pullup Jump Shot (8 PTS) (Wiggins 3 AST),52 - 65,13,5.0,203897,Zach LaVine,1610612750.0,Minnesota,Timberwolves,MIN,5,203952,Andrew Wiggins,1610612750.0,Minnesota,Timberwolves,MIN,0,0,,,,,
258,0021501163,288,1,75,3,12:07 AM,7:06,Thompson 3' Driving Finger Roll Layup (17 PTS) (Green 5 AST),,,52 - 67,15,4.0,202691,Klay Thompson,1610612744.0,Golden State,Warriors,GSW,4,203110,Draymond Green,1610612744.0,Golden State,Warriors,GSW,0,0,,,,,
259,0021501163,289,2,41,3,12:07 AM,7:00,,,MISS LaVine 2' Running Layup,,,5.0,203897,Zach LaVine,1610612750.0,Minnesota,Timberwolves,MIN,0,0,,,,,,0,0,,,,,
260,0021501163,290,4,0,3,12:07 AM,7:00,WARRIORS Rebound,,,,,2.0,1610612744,,,,,,0,0,,,,,,0,0,,,,,
261,0021501163,292,5,1,3,12:07 AM,6:47,Curry Bad Pass Turnover (P2.T13),,Wiggins STEAL (4 STL),,,4.0,201939,Stephen Curry,1610612744.0,Golden State,Warriors,GSW,5,203952,Andrew Wiggins,1610612750.0,Minnesota,Timberwolves,MIN,0,0,,,,,
262,0021501163,293,5,2,3,12:07 AM,6:44,Bogut STEAL (1 STL),,Wiggins Lost Ball Turnover (P4.T13),,,5.0,203952,Andrew Wiggins,1610612750.0,Minnesota,Timberwolves,MIN,4,101106,Andrew Bogut,1610612744.0,Golden State,Warriors,GSW,0,0,,,,,
263,0021501163,294,2,1,3,12:07 AM,6:41,MISS Thompson 27' 3PT Jump Shot,,,,,4.0,202691,Klay Thompson,1610612744.0,Golden State,Warriors,GSW,0,0,,,,,,0,0,,,,,
264,0021501163,296,4,0,3,12:08 AM,6:39,Green REBOUND (Off:1 Def:4),,,,,4.0,203110,Draymond Green,1610612744.0,Golden State,Warriors,GSW,0,0,,,,,,0,0,,,,,
265,0021501163,295,1,87,3,12:08 AM,6:39,Green  Putback Dunk (10 PTS),,,52 - 69,17,4.0,203110,Draymond Green,1610612744.0,Golden State,Warriors,GSW,0,0,,,,,,0,0,,,,,
266,0021501163,297,9,1,3,12:08 AM,6:33,,,Timberwolves Timeout: Regular (Reg.4 Short 0),,,3.0,1610612750,,,,,,0,0,,,,,,0,0,,,,,
267,0021501163,298,1,63,3,12:11 AM,6:23,,,Towns 17' Fadeaway Jumper (13 PTS) (LaVine 3 AST),54 - 69,15,5.0,1626157,Karl-Anthony Towns,1610612750.0,Minnesota,Timberwolves,MIN,5,203897,Zach LaVine,1610612750.0,Minnesota,Timberwolves,MIN,0,0,,,,,
268,0021501163,299,1,5,3,12:11 AM,6:03,Green 1' Layup (12 PTS) (Curry 12 AST),,,54 - 71,17,4.0,203110,Draymond Green,1610612744.0,Golden State,Warriors,GSW,4,201939,Stephen Curry,1610612744.0,Golden State,Warriors,GSW,0,0,,,,,
269,0021501163,300,1,80,3,12:11 AM,5:45,,,Wiggins 25' 3PT Step Back Jump Shot (10 PTS) (LaVine 4 AST),57 - 71,14,5.0,203952,Andrew Wiggins,1610612750.0,Minnesota,Timberwolves,MIN,5,203897,Zach LaVine,1610612750.0,Minnesota,Timberwolves,MIN,0,0,,,,,
270,0021501163,301,1,5,3,12:12 AM,5:27,Barnes 1' Layup (20 PTS) (Curry 13 AST),,,57 - 73,16,4.0,203084,Harrison Barnes,1610612744.0,Golden State,Warriors,GSW,4,201939,Stephen Curry,1610612744.0,Golden State,Warriors,GSW,0,0,,,,,
271,0021501163,302,1,1,3,12:12 AM,5:12,,,Wiggins 6' Jump Shot (12 PTS) (Rubio 5 AST),59 - 73,14,5.0,203952,Andrew Wiggins,1610612750.0,Minnesota,Timberwolves,MIN,5,201937,Ricky Rubio,1610612750.0,Minnesota,Timberwolves,MIN,0,0,,,,,
272,0021501163,303,6,2,3,12:12 AM,5:12,Curry S.FOUL (P3.T4) (L.Holtkamp),,,,,4.0,201939,Stephen Curry,1610612744.0,Golden State,Warriors,GSW,5,203952,Andrew Wiggins,1610612750.0,Minnesota,Timberwolves,MIN,1,0,,,,,
273,0021501163,304,8,0,3,12:12 AM,5:12,SUB: Barbosa FOR Thompson,,,,,4.0,202691,Klay Thompson,1610612744.0,Golden State,Warriors,GSW,4,2571,Leandro Barbosa,1610612744.0,Golden State,Warriors,GSW,0,0,,,,,
274,0021501163,305,8,0,3,12:12 AM,5:12,SUB: Iguodala FOR Barnes,,,,,4.0,203084,Harrison Barnes,1610612744.0,Golden State,Warriors,GSW,4,2738,Andre Iguodala,1610612744.0,Golden State,Warriors,GSW,0,0,,,,,
275,0021501163,306,3,10,3,12:12 AM,5:12,,,Wiggins Free Throw 1 of 1 (13 PTS),60 - 73,13,5.0,203952,Andrew Wiggins,1610612750.0,Minnesota,Timberwolves,MIN,0,0,,,,,,0,0,,,,,
276,0021501163,308,2,1,3,12:13 AM,4:58,MISS Iguodala 24' 3PT Jump Shot,,,,,4.0,2738,Andre Iguodala,1610612744.0,Golden State,Warriors,GSW,0,0,,,,,,0,0,,,,,
277,0021501163,309,4,0,3,12:13 AM,4:58,,,LaVine REBOUND (Off:0 Def:4),,,5.0,203897,Zach LaVine,1610612750.0,Minnesota,Timberwolves,MIN,0,0,,,,,,0,0,,,,,
278,0021501163,310,2,1,3,12:13 AM,4:47,,,MISS Muhammad  3PT Jump Shot,,,5.0,203498,Shabazz Muhammad,1610612750.0,Minnesota,Timberwolves,MIN,0,0,,,,,,0,0,,,,,
279,0021501163,311,4,0,3,12:13 AM,4:47,Bogut REBOUND (Off:1 Def:9),,,,,4.0,101106,Andrew Bogut,1610612744.0,Golden State,Warriors,GSW,0,0,,,,,,0,0,,,,,
280,0021501163,312,2,1,3,12:13 AM,4:32,MISS Curry 5' Jump Shot,,,,,4.0,201939,Stephen Curry,1610612744.0,Golden State,Warriors,GSW,0,0,,,,,,0,0,,,,,
281,0021501163,314,4,0,3,12:13 AM,4:30,Bogut REBOUND (Off:2 Def:9),,,,,4.0,101106,Andrew Bogut,1610612744.0,Golden State,Warriors,GSW,0,0,,,,,,0,0,,,,,
282,0021501163,313,1,5,3,12:13 AM,4:30,Bogut 2' Layup (10 PTS),,,60 - 75,15,4.0,101106,Andrew Bogut,1610612744.0,Golden State,Warriors,GSW,0,0,,,,,,0,0,,,,,
283,0021501163,315,2,1,3,12:13 AM,4:19,,,MISS Rubio 15' Jump Shot,,,5.0,201937,Ricky Rubio,1610612750.0,Minnesota,Timberwolves,MIN,0,0,,,,,,0,0,,,,,
284,0021501163,316,4,0,3,12:13 AM,4:18,Barbosa REBOUND (Off:0 Def:1),,,,,4.0,2571,Leandro Barbosa,1610612744.0,Golden State,Warriors,GSW,0,0,,,,,,0,0,,,,,
285,0021501163,317,6,1,3,12:14 AM,4:05,,,Rubio P.FOUL (P4.T1) (T.Washington),,,5.0,201937,Ricky Rubio,1610612750.0,Minnesota,Timberwolves,MIN,4,201939,Stephen Curry,1610612744.0,Golden State,Warriors,GSW,1,0,,,,,
286,0021501163,319,9,1,3,12:14 AM,4:05,WARRIORS Timeout: Regular (Full 3 Short 0),,,,,2.0,1610612744,,,,,,0,0,,,,,,0,0,,,,,
287,0021501163,321,8,0,3,12:16 AM,4:05,,,SUB: Jones FOR Rubio,,,5.0,201937,Ricky Rubio,1610612750.0,Minnesota,Timberwolves,MIN,5,1626145,Tyus Jones,1610612750.0,Minnesota,Timberwolves,MIN,0,0,,,,,
288,0021501163,323,2,1,3,12:16 AM,3:50,MISS Green  3PT Jump Shot,,,,,4.0,203110,Draymond Green,1610612744.0,Golden State,Warriors,GSW,0,0,,,,,,0,0,,,,,
289,0021501163,324,4,0,3,12:16 AM,3:50,,,Towns REBOUND (Off:2 Def:8),,,5.0,1626157,Karl-Anthony Towns,1610612750.0,Minnesota,Timberwolves,MIN,0,0,,,,,,0,0,,,,,
290,0021501163,325,6,2,3,12:17 AM,3:43,Green S.FOUL (P4.PN) (L.Holtkamp),,,,,4.0,203110,Draymond Green,1610612744.0,Golden State,Warriors,GSW,5,203498,Shabazz Muhammad,1610612750.0,Minnesota,Timberwolves,MIN,1,0,,,,,
291,0021501163,326,3,11,3,12:17 AM,3:43,,,Muhammad Free Throw 1 of 2 (14 PTS),61 - 75,14,5.0,203498,Shabazz Muhammad,1610612750.0,Minnesota,Timberwolves,MIN,0,0,,,,,,0,0,,,,,
292,0021501163,328,8,0,3,12:17 AM,3:43,SUB: Rush FOR Green,,,,,4.0,203110,Draymond Green,1610612744.0,Golden State,Warriors,GSW,4,201575,Brandon Rush,1610612744.0,Golden State,Warriors,GSW,0,0,,,,,
293,0021501163,329,8,0,3,12:17 AM,3:43,,,SUB: Bjelica FOR LaVine,,,5.0,203897,Zach LaVine,1610612750.0,Minnesota,Timberwolves,MIN,5,202357,Nemanja Bjelica,1610612750.0,Minnesota,Timberwolves,MIN,0,0,,,,,
294,0021501163,330,3,12,3,12:17 AM,3:43,,,Muhammad Free Throw 2 of 2 (15 PTS),62 - 75,13,5.0,203498,Shabazz Muhammad,1610612750.0,Minnesota,Timberwolves,MIN,0,0,,,,,,0,0,,,,,
295,0021501163,332,2,1,3,12:18 AM,3:33,MISS Barbosa 3' Jump Shot,,Bjelica BLOCK (1 BLK),,,4.0,2571,Leandro Barbosa,1610612744.0,Golden State,Warriors,GSW,0,0,,,,,,5,202357,Nemanja Bjelica,1610612750.0,Minnesota,Timberwolves,MIN
296,0021501163,333,4,0,3,12:18 AM,3:32,,,Towns REBOUND (Off:2 Def:9),,,5.0,1626157,Karl-Anthony Towns,1610612750.0,Minnesota,Timberwolves,MIN,0,0,,,,,,0,0,,,,,
297,0021501163,334,1,42,3,12:18 AM,3:29,,,Muhammad 2' Driving Layup (17 PTS) (Towns 3 AST),64 - 75,11,5.0,203498,Shabazz Muhammad,1610612750.0,Minnesota,Timberwolves,MIN,5,1626157,Karl-Anthony Towns,1610612750.0,Minnesota,Timberwolves,MIN,0,0,,,,,
298,0021501163,335,6,2,3,12:18 AM,3:29,Curry S.FOUL (P4.PN) (J.Tiven),,,,,4.0,201939,Stephen Curry,1610612744.0,Golden State,Warriors,GSW,5,203498,Shabazz Muhammad,1610612750.0,Minnesota,Timberwolves,MIN,1,0,,,,,
299,0021501163,336,3,10,3,12:18 AM,3:29,,,Muhammad Free Throw 1 of 1 (18 PTS),65 - 75,10,5.0,203498,Shabazz Muhammad,1610612750.0,Minnesota,Timberwolves,MIN,0,0,,,,,,0,0,,,,,
300,0021501163,338,1,79,3,12:19 AM,3:09,Curry 25' 3PT Pullup Jump Shot (8 PTS) (Bogut 4 AST),,,65 - 78,13,4.0,201939,Stephen Curry,1610612744.0,Golden State,Warriors,GSW,4,101106,Andrew Bogut,1610612744.0,Golden State,Warriors,GSW,0,0,,,,,
301,0021501163,339,1,79,3,12:19 AM,2:48,,,Muhammad  3PT Pullup Jump Shot (21 PTS) (Jones 2 AST),68 - 78,10,5.0,203498,Shabazz Muhammad,1610612750.0,Minnesota,Timberwolves,MIN,5,1626145,Tyus Jones,1610612750.0,Minnesota,Timberwolves,MIN,0,0,,,,,
302,0021501163,340,2,1,3,12:19 AM,2:25,MISS Barbosa 26' 3PT Jump Shot,,,,,4.0,2571,Leandro Barbosa,1610612744.0,Golden State,Warriors,GSW,0,0,,,,,,0,0,,,,,
303,0021501163,341,4,0,3,12:19 AM,2:24,WARRIORS Rebound,,,,,2.0,1610612744,,,,,,0,0,,,,,,0,0,,,,,
304,0021501163,342,5,11,3,12:19 AM,2:24,WARRIORS Turnover: Shot Clock (T#14),,,,,2.0,1610612744,,,,,,0,0,,,,,,1,0,,,,,
305,0021501163,343,1,49,3,12:20 AM,2:07,,,Wiggins  Driving Dunk (15 PTS) (Towns 4 AST),70 - 78,8,5.0,203952,Andrew Wiggins,1610612750.0,Minnesota,Timberwolves,MIN,5,1626157,Karl-Anthony Towns,1610612750.0,Minnesota,Timberwolves,MIN,0,0,,,,,
306,0021501163,344,1,79,3,12:20 AM,1:51,Curry 28' 3PT Pullup Jump Shot (11 PTS),,,70 - 81,11,4.0,201939,Stephen Curry,1610612744.0,Golden State,Warriors,GSW,0,0,,,,,,0,0,,,,,
307,0021501163,345,1,63,3,12:20 AM,1:31,,,Wiggins 21' Fadeaway Jumper (17 PTS),72 - 81,9,5.0,203952,Andrew Wiggins,1610612750.0,Minnesota,Timberwolves,MIN,0,0,,,,,,0,0,,,,,
308,0021501163,346,1,1,3,12:21 AM,1:22,Curry 27' 3PT Jump Shot (14 PTS),,,72 - 84,12,4.0,201939,Stephen Curry,1610612744.0,Golden State,Warriors,GSW,0,0,,,,,,0,0,,,,,
309,0021501163,347,2,1,3,12:21 AM,1:06,Bogut BLOCK (2 BLK),,MISS Towns 3' Jump Shot,,,5.0,1626157,Karl-Anthony Towns,1610612750.0,Minnesota,Timberwolves,MIN,0,0,,,,,,4,101106,Andrew Bogut,1610612744.0,Golden State,Warriors,GSW
310,0021501163,348,4,0,3,12:21 AM,1:05,Rush REBOUND (Off:0 Def:3),,,,,4.0,201575,Brandon Rush,1610612744.0,Golden State,Warriors,GSW,0,0,,,,,,0,0,,,,,
311,0021501163,349,5,1,3,12:21 AM,0:58,Iguodala Bad Pass Turnover (P2.T15),,Bjelica STEAL (1 STL),,,4.0,2738,Andre Iguodala,1610612744.0,Golden State,Warriors,GSW,5,202357,Nemanja Bjelica,1610612750.0,Minnesota,Timberwolves,MIN,0,0,,,,,
312,0021501163,350,6,1,3,12:21 AM,0:53,Bogut P.FOUL (P4.PN) (L.Holtkamp),,,,,4.0,101106,Andrew Bogut,1610612744.0,Golden State,Warriors,GSW,5,203498,Shabazz Muhammad,1610612750.0,Minnesota,Timberwolves,MIN,1,0,,,,,
313,0021501163,351,3,11,3,12:22 AM,0:53,,,Muhammad Free Throw 1 of 2 (22 PTS),73 - 84,11,5.0,203498,Shabazz Muhammad,1610612750.0,Minnesota,Timberwolves,MIN,0,0,,,,,,0,0,,,,,
314,0021501163,353,8,0,3,12:22 AM,0:53,SUB: Speights FOR Bogut,,,,,4.0,101106,Andrew Bogut,1610612744.0,Golden State,Warriors,GSW,4,201578,Marreese Speights,1610612744.0,Golden State,Warriors,GSW,0,0,,,,,
315,0021501163,354,8,0,3,12:22 AM,0:53,,,SUB: Dieng FOR Towns,,,5.0,1626157,Karl-Anthony Towns,1610612750.0,Minnesota,Timberwolves,MIN,5,203476,Gorgui Dieng,1610612750.0,Minnesota,Timberwolves,MIN,0,0,,,,,
316,0021501163,355,3,12,3,12:22 AM,0:53,,,Muhammad Free Throw 2 of 2 (23 PTS),74 - 84,10,5.0,203498,Shabazz Muhammad,1610612750.0,Minnesota,Timberwolves,MIN,0,0,,,,,,0,0,,,,,
317,0021501163,357,2,5,3,12:22 AM,0:36,MISS Barbosa 3' Layup,,Dieng BLOCK (2 BLK),,,4.0,2571,Leandro Barbosa,1610612744.0,Golden State,Warriors,GSW,0,0,,,,,,5,203476,Gorgui Dieng,1610612750.0,Minnesota,Timberwolves,MIN
318,0021501163,358,4,0,3,12:22 AM,0:34,,,Bjelica REBOUND (Off:1 Def:1),,,5.0,202357,Nemanja Bjelica,1610612750.0,Minnesota,Timberwolves,MIN,0,0,,,,,,0,0,,,,,
319,0021501163,359,1,7,3,12:22 AM,0:32,,,Muhammad  Dunk (25 PTS) (Jones 3 AST),76 - 84,8,5.0,203498,Shabazz Muhammad,1610612750.0,Minnesota,Timberwolves,MIN,5,1626145,Tyus Jones,1610612750.0,Minnesota,Timberwolves,MIN,0,0,,,,,
320,0021501163,360,2,1,3,12:23 AM,0:11,MISS Curry 29' 3PT Jump Shot,,,,,4.0,201939,Stephen Curry,1610612744.0,Golden State,Warriors,GSW,0,0,,,,,,0,0,,,,,
321,0021501163,361,4,0,3,12:23 AM,0:09,Barbosa REBOUND (Off:1 Def:1),,,,,4.0,2571,Leandro Barbosa,1610612744.0,Golden State,Warriors,GSW,0,0,,,,,,0,0,,,,,
322,0021501163,362,1,5,3,12:23 AM,0:07,Speights 1' Layup (2 PTS) (Iguodala 2 AST),,,76 - 86,10,4.0,201578,Marreese Speights,1610612744.0,Golden State,Warriors,GSW,4,2738,Andre Iguodala,1610612744.0,Golden State,Warriors,GSW,0,0,,,,,
323,0021501163,363,1,5,3,12:23 AM,0:01,,,Dieng 2' Layup (8 PTS) (Jones 4 AST),78 - 86,8,5.0,203476,Gorgui Dieng,1610612750.0,Minnesota,Timberwolves,MIN,5,1626145,Tyus Jones,1610612750.0,Minnesota,Timberwolves,MIN,0,0,,,,,
324,0021501163,364,13,0,3,12:23 AM,0:00,,,,78 - 86,8,0.0,0,,,,,,0,0,,,,,,0,0,,,,,
325,0021501163,366,12,0,4,12:27 AM,12:00,,,,78 - 86,8,0.0,0,,,,,,0,0,,,,,,0,0,,,,,
326,0021501163,367,2,78,4,12:27 AM,11:40,MISS Speights 6' Floating Jump Shot,,,,,4.0,201578,Marreese Speights,1610612744.0,Golden State,Warriors,GSW,0,0,,,,,,0,0,,,,,
327,0021501163,368,4,0,4,12:27 AM,11:39,,,Bjelica REBOUND (Off:1 Def:2),,,5.0,202357,Nemanja Bjelica,1610612750.0,Minnesota,Timberwolves,MIN,0,0,,,,,,0,0,,,,,
328,0021501163,369,6,2,4,12:28 AM,11:23,Livingston S.FOUL (P2.T1) (L.Holtkamp),,,,,4.0,2733,Shaun Livingston,1610612744.0,Golden State,Warriors,GSW,5,203498,Shabazz Muhammad,1610612750.0,Minnesota,Timberwolves,MIN,1,0,,,,,
329,0021501163,370,3,11,4,12:28 AM,11:23,,,Muhammad Free Throw 1 of 2 (26 PTS),79 - 86,7,5.0,203498,Shabazz Muhammad,1610612750.0,Minnesota,Timberwolves,MIN,0,0,,,,,,0,0,,,,,
330,0021501163,372,3,12,4,12:28 AM,11:23,,,Muhammad Free Throw 2 of 2 (27 PTS),80 - 86,6,5.0,203498,Shabazz Muhammad,1610612750.0,Minnesota,Timberwolves,MIN,0,0,,,,,,0,0,,,,,
331,0021501163,374,5,45,4,12:28 AM,11:14,Thompson Out of Bounds - Bad Pass Turnover Turnover (P2.T16),,,,,4.0,202691,Klay Thompson,1610612744.0,Golden State,Warriors,GSW,0,0,,,,,,1,0,,,,,
332,0021501163,375,2,1,4,12:29 AM,10:59,,,MISS LaVine 26' 3PT Jump Shot,,,5.0,203897,Zach LaVine,1610612750.0,Minnesota,Timberwolves,MIN,0,0,,,,,,0,0,,,,,
333,0021501163,376,4,0,4,12:29 AM,10:58,Barnes REBOUND (Off:2 Def:2),,,,,4.0,203084,Harrison Barnes,1610612744.0,Golden State,Warriors,GSW,0,0,,,,,,0,0,,,,,
334,0021501163,377,1,71,4,12:29 AM,10:47,Speights 1' Finger Roll Layup (4 PTS) (Thompson 2 AST),,,80 - 88,8,4.0,201578,Marreese Speights,1610612744.0,Golden State,Warriors,GSW,4,202691,Klay Thompson,1610612744.0,Golden State,Warriors,GSW,0,0,,,,,
335,0021501163,378,6,1,4,12:29 AM,10:34,Livingston P.FOUL (P3.T2) (J.Tiven),,,,,4.0,2733,Shaun Livingston,1610612744.0,Golden State,Warriors,GSW,5,203476,Gorgui Dieng,1610612750.0,Minnesota,Timberwolves,MIN,1,0,,,,,
336,0021501163,379,1,1,4,12:30 AM,10:29,,,LaVine 26' 3PT Jump Shot (11 PTS) (Bjelica 3 AST),83 - 88,5,5.0,203897,Zach LaVine,1610612750.0,Minnesota,Timberwolves,MIN,5,202357,Nemanja Bjelica,1610612750.0,Minnesota,Timberwolves,MIN,0,0,,,,,
337,0021501163,380,2,5,4,12:30 AM,10:17,MISS Barnes 2' Layup,,Bjelica BLOCK (2 BLK),,,4.0,203084,Harrison Barnes,1610612744.0,Golden State,Warriors,GSW,0,0,,,,,,5,202357,Nemanja Bjelica,1610612750.0,Minnesota,Timberwolves,MIN
338,0021501163,381,4,0,4,12:30 AM,10:14,,,Dieng REBOUND (Off:0 Def:4),,,5.0,203476,Gorgui Dieng,1610612750.0,Minnesota,Timberwolves,MIN,0,0,,,,,,0,0,,,,,
339,0021501163,382,1,42,4,12:30 AM,10:00,,,Jones 2' Driving Layup (7 PTS),85 - 88,3,5.0,1626145,Tyus Jones,1610612750.0,Minnesota,Timberwolves,MIN,0,0,,,,,,0,0,,,,,
340,0021501163,383,9,1,4,12:30 AM,10:00,WARRIORS Timeout: Regular (Full 4 Short 0),,,,,2.0,1610612744,,,,,,0,0,,,,,,0,0,,,,,
341,0021501163,384,8,0,4,12:33 AM,10:00,SUB: Green FOR Rush,,,,,4.0,201575,Brandon Rush,1610612744.0,Golden State,Warriors,GSW,4,203110,Draymond Green,1610612744.0,Golden State,Warriors,GSW,0,0,,,,,
342,0021501163,385,1,47,4,12:33 AM,9:45,Speights 8' Turnaround Jump Shot (6 PTS) (Livingston 1 AST),,,85 - 90,5,4.0,201578,Marreese Speights,1610612744.0,Golden State,Warriors,GSW,4,2733,Shaun Livingston,1610612744.0,Golden State,Warriors,GSW,0,0,,,,,
343,0021501163,386,1,49,4,12:34 AM,9:28,,,Dieng  Driving Dunk (10 PTS) (LaVine 5 AST),87 - 90,3,5.0,203476,Gorgui Dieng,1610612750.0,Minnesota,Timberwolves,MIN,5,203897,Zach LaVine,1610612750.0,Minnesota,Timberwolves,MIN,0,0,,,,,
344,0021501163,387,5,1,4,12:34 AM,9:13,Thompson Bad Pass Turnover (P3.T17),,LaVine STEAL (2 STL),,,4.0,202691,Klay Thompson,1610612744.0,Golden State,Warriors,GSW,5,203897,Zach LaVine,1610612750.0,Minnesota,Timberwolves,MIN,0,0,,,,,
345,0021501163,388,1,44,4,12:34 AM,9:09,,,LaVine 1' Reverse Layup (13 PTS) (Jones 5 AST),89 - 90,1,5.0,203897,Zach LaVine,1610612750.0,Minnesota,Timberwolves,MIN,5,1626145,Tyus Jones,1610612750.0,Minnesota,Timberwolves,MIN,0,0,,,,,
346,0021501163,390,5,1,4,12:35 AM,8:43,Livingston Bad Pass Turnover (P1.T18),,LaVine STEAL (3 STL),,,4.0,2733,Shaun Livingston,1610612744.0,Golden State,Warriors,GSW,5,203897,Zach LaVine,1610612750.0,Minnesota,Timberwolves,MIN,0,0,,,,,
347,0021501163,392,6,4,4,12:35 AM,8:36,,,Bjelica OFF.Foul (P1) (T.Washington),,,5.0,202357,Nemanja Bjelica,1610612750.0,Minnesota,Timberwolves,MIN,4,2733,Shaun Livingston,1610612744.0,Golden State,Warriors,GSW,1,0,,,,,
348,0021501163,393,5,5,4,12:35 AM,8:36,,,Bjelica Foul Turnover (P2.T14),,,5.0,202357,Nemanja Bjelica,1610612750.0,Minnesota,Timberwolves,MIN,0,0,,,,,,1,0,,,,,
349,0021501163,394,8,0,4,12:35 AM,8:36,SUB: Bogut FOR Speights,,,,,4.0,201578,Marreese Speights,1610612744.0,Golden State,Warriors,GSW,4,101106,Andrew Bogut,1610612744.0,Golden State,Warriors,GSW,0,0,,,,,
350,0021501163,395,2,1,4,12:36 AM,8:19,MISS Thompson 27' 3PT Jump Shot,,,,,4.0,202691,Klay Thompson,1610612744.0,Golden State,Warriors,GSW,0,0,,,,,,0,0,,,,,
351,0021501163,396,4,0,4,12:36 AM,8:19,,,Dieng REBOUND (Off:0 Def:5),,,5.0,203476,Gorgui Dieng,1610612750.0,Minnesota,Timberwolves,MIN,0,0,,,,,,0,0,,,,,
352,0021501163,397,2,1,4,12:36 AM,8:01,,,MISS Muhammad 27' 3PT Jump Shot,,,5.0,203498,Shabazz Muhammad,1610612750.0,Minnesota,Timberwolves,MIN,0,0,,,,,,0,0,,,,,
353,0021501163,398,4,0,4,12:36 AM,8:01,Barnes REBOUND (Off:2 Def:3),,,,,4.0,203084,Harrison Barnes,1610612744.0,Golden State,Warriors,GSW,0,0,,,,,,0,0,,,,,
354,0021501163,399,1,44,4,12:36 AM,7:47,Thompson 2' Reverse Layup (19 PTS) (Green 6 AST),,,89 - 92,3,4.0,202691,Klay Thompson,1610612744.0,Golden State,Warriors,GSW,4,203110,Draymond Green,1610612744.0,Golden State,Warriors,GSW,0,0,,,,,
355,0021501163,400,5,1,4,12:37 AM,7:29,Livingston STEAL (1 STL),,Dieng Bad Pass Turnover (P2.T15),,,5.0,203476,Gorgui Dieng,1610612750.0,Minnesota,Timberwolves,MIN,4,2733,Shaun Livingston,1610612744.0,Golden State,Warriors,GSW,0,0,,,,,
356,0021501163,401,1,80,4,12:37 AM,7:15,Thompson 20' Step Back Jump Shot (21 PTS) (Bogut 5 AST),,,89 - 94,5,4.0,202691,Klay Thompson,1610612744.0,Golden State,Warriors,GSW,4,101106,Andrew Bogut,1610612744.0,Golden State,Warriors,GSW,0,0,,,,,
357,0021501163,402,9,1,4,12:37 AM,7:14,,,Timberwolves Timeout: Regular (Reg.5 Short 0),,,3.0,1610612750,,,,,,0,0,,,,,,0,0,,,,,
358,0021501163,403,8,0,4,12:39 AM,7:14,,,SUB: Towns FOR Dieng,,,5.0,203476,Gorgui Dieng,1610612750.0,Minnesota,Timberwolves,MIN,5,1626157,Karl-Anthony Towns,1610612750.0,Minnesota,Timberwolves,MIN,0,0,,,,,
359,0021501163,404,8,0,4,12:39 AM,7:14,,,SUB: Wiggins FOR Bjelica,,,5.0,202357,Nemanja Bjelica,1610612750.0,Minnesota,Timberwolves,MIN,5,203952,Andrew Wiggins,1610612750.0,Minnesota,Timberwolves,MIN,0,0,,,,,
360,0021501163,405,8,0,4,12:39 AM,7:14,,,SUB: Rubio FOR Jones,,,5.0,1626145,Tyus Jones,1610612750.0,Minnesota,Timberwolves,MIN,5,201937,Ricky Rubio,1610612750.0,Minnesota,Timberwolves,MIN,0,0,,,,,
361,0021501163,406,6,2,4,12:40 AM,6:59,Thompson S.FOUL (P1.T3) (J.Tiven),,,,,4.0,202691,Klay Thompson,1610612744.0,Golden State,Warriors,GSW,5,203952,Andrew Wiggins,1610612750.0,Minnesota,Timberwolves,MIN,1,0,,,,,
362,0021501163,407,3,11,4,12:40 AM,6:59,,,Wiggins Free Throw 1 of 2 (18 PTS),90 - 94,4,5.0,203952,Andrew Wiggins,1610612750.0,Minnesota,Timberwolves,MIN,0,0,,,,,,0,0,,,,,
363,0021501163,409,3,12,4,12:41 AM,6:59,,,Wiggins Free Throw 2 of 2 (19 PTS),91 - 94,3,5.0,203952,Andrew Wiggins,1610612750.0,Minnesota,Timberwolves,MIN,0,0,,,,,,0,0,,,,,
364,0021501163,411,5,39,4,12:41 AM,6:49,Livingston Step Out of Bounds Turnover (P2.T19),,,,,4.0,2733,Shaun Livingston,1610612744.0,Golden State,Warriors,GSW,0,0,,,,,,1,0,,,,,
365,0021501163,412,8,0,4,12:41 AM,6:49,SUB: Curry FOR Barnes,,,,,4.0,203084,Harrison Barnes,1610612744.0,Golden State,Warriors,GSW,4,201939,Stephen Curry,1610612744.0,Golden State,Warriors,GSW,0,0,,,,,
366,0021501163,413,1,79,4,12:42 AM,6:39,,,Muhammad 27' 3PT Pullup Jump Shot (30 PTS) (Rubio 6 AST),94 - 94,TIE,5.0,203498,Shabazz Muhammad,1610612750.0,Minnesota,Timberwolves,MIN,5,201937,Ricky Rubio,1610612750.0,Minnesota,Timberwolves,MIN,0,0,,,,,
367,0021501163,414,1,98,4,12:42 AM,6:27,Thompson 1' Cutting Layup Shot (23 PTS) (Green 7 AST),,,94 - 96,2,4.0,202691,Klay Thompson,1610612744.0,Golden State,Warriors,GSW,4,203110,Draymond Green,1610612744.0,Golden State,Warriors,GSW,0,0,,,,,
368,0021501163,415,2,41,4,12:42 AM,6:19,,,MISS Wiggins 3' Running Layup,,,5.0,203952,Andrew Wiggins,1610612750.0,Minnesota,Timberwolves,MIN,0,0,,,,,,0,0,,,,,
369,0021501163,416,4,0,4,12:42 AM,6:18,Bogut REBOUND (Off:2 Def:10),,,,,4.0,101106,Andrew Bogut,1610612744.0,Golden State,Warriors,GSW,0,0,,,,,,0,0,,,,,
370,0021501163,417,1,63,4,12:42 AM,6:10,Livingston 12' Fadeaway Jumper (9 PTS),,,94 - 98,4,4.0,2733,Shaun Livingston,1610612744.0,Golden State,Warriors,GSW,0,0,,,,,,0,0,,,,,
371,0021501163,418,1,42,4,12:42 AM,5:52,,,Rubio 1' Driving Layup (2 PTS),96 - 98,2,5.0,201937,Ricky Rubio,1610612750.0,Minnesota,Timberwolves,MIN,0,0,,,,,,0,0,,,,,
372,0021501163,419,1,78,4,12:43 AM,5:39,Curry 8' Floating Jump Shot (16 PTS) (Green 8 AST),,,96 - 100,4,4.0,201939,Stephen Curry,1610612744.0,Golden State,Warriors,GSW,4,203110,Draymond Green,1610612744.0,Golden State,Warriors,GSW,0,0,,,,,
373,0021501163,420,1,58,4,12:43 AM,5:18,,,Wiggins 6' Turnaround Hook Shot (21 PTS) (Rubio 7 AST),98 - 100,2,5.0,203952,Andrew Wiggins,1610612750.0,Minnesota,Timberwolves,MIN,5,201937,Ricky Rubio,1610612750.0,Minnesota,Timberwolves,MIN,0,0,,,,,
374,0021501163,421,1,80,4,12:43 AM,5:06,Thompson 13' Step Back Jump Shot (25 PTS) (Curry 14 AST),,,98 - 102,4,4.0,202691,Klay Thompson,1610612744.0,Golden State,Warriors,GSW,4,201939,Stephen Curry,1610612744.0,Golden State,Warriors,GSW,0,0,,,,,
375,0021501163,422,2,1,4,12:43 AM,4:51,,,MISS Towns 25' 3PT Jump Shot,,,5.0,1626157,Karl-Anthony Towns,1610612750.0,Minnesota,Timberwolves,MIN,0,0,,,,,,0,0,,,,,
376,0021501163,423,4,0,4,12:43 AM,4:50,Green REBOUND (Off:1 Def:5),,,,,4.0,203110,Draymond Green,1610612744.0,Golden State,Warriors,GSW,0,0,,,,,,0,0,,,,,
377,0021501163,424,2,1,4,12:44 AM,4:36,MISS Thompson 3' Jump Shot,,Towns BLOCK (1 BLK),,,4.0,202691,Klay Thompson,1610612744.0,Golden State,Warriors,GSW,0,0,,,,,,5,1626157,Karl-Anthony Towns,1610612750.0,Minnesota,Timberwolves,MIN
378,0021501163,425,4,0,4,12:44 AM,4:35,,,Rubio REBOUND (Off:0 Def:2),,,5.0,201937,Ricky Rubio,1610612750.0,Minnesota,Timberwolves,MIN,0,0,,,,,,0,0,,,,,
379,0021501163,426,5,39,4,12:44 AM,4:31,,,Wiggins Step Out of Bounds Turnover (P5.T16),,,5.0,203952,Andrew Wiggins,1610612750.0,Minnesota,Timberwolves,MIN,0,0,,,,,,1,0,,,,,
380,0021501163,427,1,75,4,12:44 AM,4:09,Curry 2' Driving Finger Roll Layup (18 PTS),,,98 - 104,6,4.0,201939,Stephen Curry,1610612744.0,Golden State,Warriors,GSW,0,0,,,,,,0,0,,,,,
381,0021501163,428,6,2,4,12:45 AM,3:48,Bogut S.FOUL (P5.T4) (J.Tiven),,,,,4.0,101106,Andrew Bogut,1610612744.0,Golden State,Warriors,GSW,5,1626157,Karl-Anthony Towns,1610612750.0,Minnesota,Timberwolves,MIN,1,0,,,,,
382,0021501163,429,3,11,4,12:45 AM,3:48,,,Towns Free Throw 1 of 2 (14 PTS),99 - 104,5,5.0,1626157,Karl-Anthony Towns,1610612750.0,Minnesota,Timberwolves,MIN,0,0,,,,,,0,0,,,,,
383,0021501163,431,8,0,4,12:45 AM,3:48,SUB: Iguodala FOR Livingston,,,,,4.0,2733,Shaun Livingston,1610612744.0,Golden State,Warriors,GSW,4,2738,Andre Iguodala,1610612744.0,Golden State,Warriors,GSW,0,0,,,,,
384,0021501163,432,3,12,4,12:45 AM,3:48,,,Towns Free Throw 2 of 2 (15 PTS),100 - 104,4,5.0,1626157,Karl-Anthony Towns,1610612750.0,Minnesota,Timberwolves,MIN,0,0,,,,,,0,0,,,,,
385,0021501163,435,2,1,4,12:46 AM,3:25,MISS Curry 25' 3PT Jump Shot,,,,,4.0,201939,Stephen Curry,1610612744.0,Golden State,Warriors,GSW,0,0,,,,,,0,0,,,,,
386,0021501163,436,4,0,4,12:46 AM,3:24,,,Rubio REBOUND (Off:0 Def:3),,,5.0,201937,Ricky Rubio,1610612750.0,Minnesota,Timberwolves,MIN,0,0,,,,,,0,0,,,,,
387,0021501163,438,1,80,4,12:47 AM,3:17,,,LaVine  3PT Step Back Jump Shot (16 PTS) (Rubio 8 AST),103 - 104,1,5.0,203897,Zach LaVine,1610612750.0,Minnesota,Timberwolves,MIN,5,201937,Ricky Rubio,1610612750.0,Minnesota,Timberwolves,MIN,0,0,,,,,
388,0021501163,439,6,1,4,12:47 AM,2:58,,,LaVine P.FOUL (P1.T1) (T.Washington),,,5.0,203897,Zach LaVine,1610612750.0,Minnesota,Timberwolves,MIN,4,202691,Klay Thompson,1610612744.0,Golden State,Warriors,GSW,1,0,,,,,
389,0021501163,440,9,4,4,12:47 AM,2:58,,,,,,1.0,0,,,,,,0,0,,,,,,0,0,,,,,
390,0021501163,442,5,1,4,12:50 AM,2:53,Iguodala Bad Pass Turnover (P3.T20),,Wiggins STEAL (5 STL),,,4.0,2738,Andre Iguodala,1610612744.0,Golden State,Warriors,GSW,5,203952,Andrew Wiggins,1610612750.0,Minnesota,Timberwolves,MIN,0,0,,,,,
391,0021501163,443,2,41,4,12:50 AM,2:47,,,MISS LaVine 3' Running Layup,,,5.0,203897,Zach LaVine,1610612750.0,Minnesota,Timberwolves,MIN,0,0,,,,,,0,0,,,,,
392,0021501163,444,4,0,4,12:50 AM,2:46,Bogut REBOUND (Off:2 Def:11),,,,,4.0,101106,Andrew Bogut,1610612744.0,Golden State,Warriors,GSW,0,0,,,,,,0,0,,,,,
393,0021501163,445,6,1,4,12:51 AM,2:32,,,Towns P.FOUL (P2.T2) (L.Holtkamp),,,5.0,1626157,Karl-Anthony Towns,1610612750.0,Minnesota,Timberwolves,MIN,4,201939,Stephen Curry,1610612744.0,Golden State,Warriors,GSW,1,0,,,,,
394,0021501163,446,1,58,4,12:51 AM,2:22,Iguodala 2' Turnaround Hook Shot (4 PTS) (Green 9 AST),,,103 - 106,3,4.0,2738,Andre Iguodala,1610612744.0,Golden State,Warriors,GSW,4,203110,Draymond Green,1610612744.0,Golden State,Warriors,GSW,0,0,,,,,
395,0021501163,447,2,1,4,12:51 AM,1:57,,,MISS Rubio 17' Jump Shot,,,5.0,201937,Ricky Rubio,1610612750.0,Minnesota,Timberwolves,MIN,0,0,,,,,,0,0,,,,,
396,0021501163,448,4,0,4,12:51 AM,1:55,,,Muhammad REBOUND (Off:2 Def:2),,,5.0,203498,Shabazz Muhammad,1610612750.0,Minnesota,Timberwolves,MIN,0,0,,,,,,0,0,,,,,
397,0021501163,449,2,42,4,12:52 AM,1:43,,,MISS Wiggins 1' Driving Layup,,,5.0,203952,Andrew Wiggins,1610612750.0,Minnesota,Timberwolves,MIN,0,0,,,,,,0,0,,,,,
398,0021501163,450,4,0,4,12:52 AM,1:43,Bogut REBOUND (Off:2 Def:12),,,,,4.0,101106,Andrew Bogut,1610612744.0,Golden State,Warriors,GSW,0,0,,,,,,0,0,,,,,
399,0021501163,451,2,79,4,12:52 AM,1:24,MISS Curry 26' 3PT Pullup Jump Shot,,,,,4.0,201939,Stephen Curry,1610612744.0,Golden State,Warriors,GSW,0,0,,,,,,0,0,,,,,
400,0021501163,452,4,0,4,12:52 AM,1:23,,,Rubio REBOUND (Off:0 Def:4),,,5.0,201937,Ricky Rubio,1610612750.0,Minnesota,Timberwolves,MIN,0,0,,,,,,0,0,,,,,
401,0021501163,454,18,1,4,12:53 AM,1:09,,,,,,,453,,,,,,0,0,,,,,,1,0,,,,,
402,0021501163,455,6,4,4,12:54 AM,1:09,,,Towns OFF.Foul (P3) (L.Holtkamp),,,5.0,1626157,Karl-Anthony Towns,1610612750.0,Minnesota,Timberwolves,MIN,4,201939,Stephen Curry,1610612744.0,Golden State,Warriors,GSW,1,0,,,,,
403,0021501163,456,5,5,4,12:54 AM,1:09,,,Towns Foul Turnover (P1.T17),,,5.0,1626157,Karl-Anthony Towns,1610612750.0,Minnesota,Timberwolves,MIN,0,0,,,,,,1,0,,,,,
404,0021501163,457,5,1,4,12:55 AM,0:57,Green Bad Pass Turnover (P5.T21),,Wiggins STEAL (6 STL),,,4.0,203110,Draymond Green,1610612744.0,Golden State,Warriors,GSW,5,203952,Andrew Wiggins,1610612750.0,Minnesota,Timberwolves,MIN,0,0,,,,,
405,0021501163,458,6,2,4,12:55 AM,0:53,Iguodala S.FOUL (P2.PN) (J.Tiven),,,,,4.0,2738,Andre Iguodala,1610612744.0,Golden State,Warriors,GSW,5,203498,Shabazz Muhammad,1610612750.0,Minnesota,Timberwolves,MIN,1,0,,,,,
406,0021501163,459,3,11,4,12:55 AM,0:53,,,MISS Muhammad Free Throw 1 of 2,,,5.0,203498,Shabazz Muhammad,1610612750.0,Minnesota,Timberwolves,MIN,0,0,,,,,,0,0,,,,,
407,0021501163,460,4,1,4,12:55 AM,0:53,,,Timberwolves Rebound,,,3.0,1610612750,,,,,,0,0,,,,,,0,0,,,,,
408,0021501163,461,3,12,4,12:55 AM,0:53,,,Muhammad Free Throw 2 of 2 (31 PTS),104 - 106,2,5.0,203498,Shabazz Muhammad,1610612750.0,Minnesota,Timberwolves,MIN,0,0,,,,,,0,0,,,,,
409,0021501163,463,9,1,4,12:56 AM,0:53,WARRIORS Timeout: Regular (Full 5 Short 0),,,,,2.0,1610612744,,,,,,0,0,,,,,,0,0,,,,,
410,0021501163,467,8,0,4,12:58 AM,0:53,SUB: Barnes FOR Bogut,,,,,4.0,101106,Andrew Bogut,1610612744.0,Golden State,Warriors,GSW,4,203084,Harrison Barnes,1610612744.0,Golden State,Warriors,GSW,0,0,,,,,
411,0021501163,468,5,4,4,12:58 AM,0:33,Green Traveling Turnover (P6.T22),,,,,4.0,203110,Draymond Green,1610612744.0,Golden State,Warriors,GSW,0,0,,,,,,1,0,,,,,
412,0021501163,469,1,71,4,12:59 AM,0:19,,,Wiggins 3' Finger Roll Layup (23 PTS),106 - 106,TIE,5.0,203952,Andrew Wiggins,1610612750.0,Minnesota,Timberwolves,MIN,0,0,,,,,,0,0,,,,,
413,0021501163,470,6,1,4,12:59 AM,0:08,,,Rubio P.FOUL (P5.T3) (J.Tiven),,,5.0,201937,Ricky Rubio,1610612750.0,Minnesota,Timberwolves,MIN,4,201939,Stephen Curry,1610612744.0,Golden State,Warriors,GSW,1,0,,,,,
414,0021501163,471,9,2,4,12:59 AM,0:08,WARRIORS Timeout: Short (Full 5 Short 1),,,,,2.0,1610612744,,,,,,0,0,,,,,,0,0,,,,,
415,0021501163,472,13,0,4,1:01 AM,0:00,,,,106 - 106,TIE,0.0,0,,,,,,0,0,,,,,,0,0,,,,,
416,0021501163,474,12,0,5,1:04 AM,5:00,,,,106 - 106,TIE,0.0,0,,,,,,0,0,,,,,,0,0,,,,,
417,0021501163,475,10,0,5,1:04 AM,5:00,Jump Ball Green vs. Towns: Tip to Livingston,,,,,4.0,203110,Draymond Green,1610612744.0,Golden State,Warriors,GSW,5,1626157,Karl-Anthony Towns,1610612750.0,Minnesota,Timberwolves,MIN,4,2733,Shaun Livingston,1610612744.0,Golden State,Warriors,GSW
418,0021501163,476,5,45,5,1:04 AM,4:52,Curry Out of Bounds - Bad Pass Turnover Turnover (P3.T23),,,,,4.0,201939,Stephen Curry,1610612744.0,Golden State,Warriors,GSW,0,0,,,,,,1,0,,,,,
419,0021501163,477,6,2,5,1:04 AM,4:42,Green S.FOUL (P5.T1) (J.Tiven),,,,,4.0,203110,Draymond Green,1610612744.0,Golden State,Warriors,GSW,5,203952,Andrew Wiggins,1610612750.0,Minnesota,Timberwolves,MIN,1,0,,,,,
420,0021501163,478,3,11,5,1:05 AM,4:42,,,Wiggins Free Throw 1 of 2 (24 PTS),107 - 106,-1,5.0,203952,Andrew Wiggins,1610612750.0,Minnesota,Timberwolves,MIN,0,0,,,,,,0,0,,,,,
421,0021501163,480,3,12,5,1:05 AM,4:42,,,Wiggins Free Throw 2 of 2 (25 PTS),108 - 106,-2,5.0,203952,Andrew Wiggins,1610612750.0,Minnesota,Timberwolves,MIN,0,0,,,,,,0,0,,,,,
422,0021501163,482,2,1,5,1:06 AM,4:22,MISS Curry 15' Jump Shot,,,,,4.0,201939,Stephen Curry,1610612744.0,Golden State,Warriors,GSW,0,0,,,,,,0,0,,,,,
423,0021501163,483,4,0,5,1:06 AM,4:21,,,Muhammad REBOUND (Off:2 Def:3),,,5.0,203498,Shabazz Muhammad,1610612750.0,Minnesota,Timberwolves,MIN,0,0,,,,,,0,0,,,,,
424,0021501163,484,1,1,5,1:06 AM,4:01,,,Wiggins 10' Jump Shot (27 PTS),110 - 106,-4,5.0,203952,Andrew Wiggins,1610612750.0,Minnesota,Timberwolves,MIN,0,0,,,,,,0,0,,,,,
425,0021501163,485,9,1,5,1:06 AM,4:01,WARRIORS Timeout: Regular (Full 6 Short 1),,,,,2.0,1610612744,,,,,,0,0,,,,,,0,0,,,,,
426,0021501163,486,8,0,5,1:08 AM,4:01,SUB: Bogut FOR Barnes,,,,,4.0,203084,Harrison Barnes,1610612744.0,Golden State,Warriors,GSW,4,101106,Andrew Bogut,1610612744.0,Golden State,Warriors,GSW,0,0,,,,,
427,0021501163,487,2,1,5,1:08 AM,3:45,MISS Curry 3' Jump Shot,,Towns BLOCK (2 BLK),,,4.0,201939,Stephen Curry,1610612744.0,Golden State,Warriors,GSW,0,0,,,,,,5,1626157,Karl-Anthony Towns,1610612750.0,Minnesota,Timberwolves,MIN
428,0021501163,488,4,0,5,1:08 AM,3:44,Curry REBOUND (Off:2 Def:4),,,,,4.0,201939,Stephen Curry,1610612744.0,Golden State,Warriors,GSW,0,0,,,,,,0,0,,,,,
429,0021501163,489,1,47,5,1:08 AM,3:41,Livingston 12' Turnaround Jump Shot (11 PTS) (Curry 15 AST),,,110 - 108,-2,4.0,2733,Shaun Livingston,1610612744.0,Golden State,Warriors,GSW,4,201939,Stephen Curry,1610612744.0,Golden State,Warriors,GSW,0,0,,,,,
430,0021501163,490,6,2,5,1:08 AM,3:41,,,Towns S.FOUL (P4.T1) (J.Tiven),,,5.0,1626157,Karl-Anthony Towns,1610612750.0,Minnesota,Timberwolves,MIN,4,2733,Shaun Livingston,1610612744.0,Golden State,Warriors,GSW,1,0,,,,,
431,0021501163,491,3,10,5,1:09 AM,3:41,Livingston Free Throw 1 of 1 (12 PTS),,,110 - 109,-1,4.0,2733,Shaun Livingston,1610612744.0,Golden State,Warriors,GSW,0,0,,,,,,0,0,,,,,
432,0021501163,493,5,1,5,1:09 AM,3:21,Curry STEAL (3 STL),,Towns Bad Pass Turnover (P2.T18),,,5.0,1626157,Karl-Anthony Towns,1610612750.0,Minnesota,Timberwolves,MIN,4,201939,Stephen Curry,1610612744.0,Golden State,Warriors,GSW,0,0,,,,,
433,0021501163,494,5,2,5,1:09 AM,3:15,Thompson Lost Ball Turnover (P4.T24),,LaVine STEAL (4 STL),,,4.0,202691,Klay Thompson,1610612744.0,Golden State,Warriors,GSW,5,203897,Zach LaVine,1610612750.0,Minnesota,Timberwolves,MIN,0,0,,,,,
434,0021501163,495,1,79,5,1:09 AM,2:57,,,Wiggins 17' Pullup Jump Shot (29 PTS),112 - 109,-3,5.0,203952,Andrew Wiggins,1610612750.0,Minnesota,Timberwolves,MIN,0,0,,,,,,0,0,,,,,
435,0021501163,496,2,1,5,1:10 AM,2:39,MISS Thompson 26' 3PT Jump Shot,,,,,4.0,202691,Klay Thompson,1610612744.0,Golden State,Warriors,GSW,0,0,,,,,,0,0,,,,,
436,0021501163,497,4,0,5,1:10 AM,2:38,,,Wiggins REBOUND (Off:1 Def:2),,,5.0,203952,Andrew Wiggins,1610612750.0,Minnesota,Timberwolves,MIN,0,0,,,,,,0,0,,,,,
437,0021501163,498,6,1,5,1:10 AM,2:34,Green P.FOUL (P6.T2) (J.Tiven),,,,,4.0,203110,Draymond Green,1610612744.0,Golden State,Warriors,GSW,5,203498,Shabazz Muhammad,1610612750.0,Minnesota,Timberwolves,MIN,1,0,,,,,
438,0021501163,500,8,0,5,1:11 AM,2:34,SUB: Barnes FOR Green,,,,,4.0,203110,Draymond Green,1610612744.0,Golden State,Warriors,GSW,4,203084,Harrison Barnes,1610612744.0,Golden State,Warriors,GSW,0,0,,,,,
439,0021501163,501,3,11,5,1:11 AM,2:34,,,Muhammad Free Throw 1 of 2 (32 PTS),113 - 109,-4,5.0,203498,Shabazz Muhammad,1610612750.0,Minnesota,Timberwolves,MIN,0,0,,,,,,0,0,,,,,
440,0021501163,503,3,12,5,1:11 AM,2:34,,,Muhammad Free Throw 2 of 2 (33 PTS),114 - 109,-5,5.0,203498,Shabazz Muhammad,1610612750.0,Minnesota,Timberwolves,MIN,0,0,,,,,,0,0,,,,,
441,0021501163,505,2,1,5,1:11 AM,2:22,MISS Curry 23' Jump Shot,,,,,4.0,201939,Stephen Curry,1610612744.0,Golden State,Warriors,GSW,0,0,,,,,,0,0,,,,,
442,0021501163,506,4,0,5,1:12 AM,2:21,,,Timberwolves Rebound,,,3.0,1610612750,,,,,,0,0,,,,,,0,0,,,,,
443,0021501163,507,9,1,5,1:12 AM,2:21,,,Timberwolves Timeout: Regular (Reg.6 Short 0),,,3.0,1610612750,,,,,,0,0,,,,,,0,0,,,,,
444,0021501163,509,2,79,5,1:14 AM,2:03,,,MISS Rubio 18' Pullup Jump Shot,,,5.0,201937,Ricky Rubio,1610612750.0,Minnesota,Timberwolves,MIN,0,0,,,,,,0,0,,,,,
445,0021501163,510,4,0,5,1:14 AM,2:02,Bogut REBOUND (Off:2 Def:13),,,,,4.0,101106,Andrew Bogut,1610612744.0,Golden State,Warriors,GSW,0,0,,,,,,0,0,,,,,
446,0021501163,511,1,7,5,1:14 AM,1:46,Livingston  Dunk (14 PTS) (Thompson 3 AST),,,114 - 111,-3,4.0,2733,Shaun Livingston,1610612744.0,Golden State,Warriors,GSW,4,202691,Klay Thompson,1610612744.0,Golden State,Warriors,GSW,0,0,,,,,
447,0021501163,512,1,42,5,1:14 AM,1:23,,,Towns 3' Driving Layup (17 PTS) (Rubio 9 AST),116 - 111,-5,5.0,1626157,Karl-Anthony Towns,1610612750.0,Minnesota,Timberwolves,MIN,5,201937,Ricky Rubio,1610612750.0,Minnesota,Timberwolves,MIN,0,0,,,,,
448,0021501163,513,1,42,5,1:15 AM,1:18,Curry 1' Driving Layup (20 PTS),,,116 - 113,-3,4.0,201939,Stephen Curry,1610612744.0,Golden State,Warriors,GSW,0,0,,,,,,0,0,,,,,
449,0021501163,514,6,2,5,1:15 AM,1:18,,,Towns S.FOUL (P5.T2) (J.Tiven),,,5.0,1626157,Karl-Anthony Towns,1610612750.0,Minnesota,Timberwolves,MIN,4,201939,Stephen Curry,1610612744.0,Golden State,Warriors,GSW,1,0,,,,,
450,0021501163,515,3,10,5,1:15 AM,1:18,Curry Free Throw 1 of 1 (21 PTS),,,116 - 114,-2,4.0,201939,Stephen Curry,1610612744.0,Golden State,Warriors,GSW,0,0,,,,,,0,0,,,,,
451,0021501163,517,1,42,5,1:16 AM,0:58,,,Towns 2' Driving Layup (19 PTS) (Wiggins 4 AST),118 - 114,-4,5.0,1626157,Karl-Anthony Towns,1610612750.0,Minnesota,Timberwolves,MIN,5,203952,Andrew Wiggins,1610612750.0,Minnesota,Timberwolves,MIN,0,0,,,,,
452,0021501163,518,6,2,5,1:16 AM,0:58,Barnes S.FOUL (P2.T3) (T.Washington),,,,,4.0,203084,Harrison Barnes,1610612744.0,Golden State,Warriors,GSW,5,1626157,Karl-Anthony Towns,1610612750.0,Minnesota,Timberwolves,MIN,1,0,,,,,
453,0021501163,519,3,10,5,1:16 AM,0:58,,,MISS Towns Free Throw 1 of 1,,,5.0,1626157,Karl-Anthony Towns,1610612750.0,Minnesota,Timberwolves,MIN,0,0,,,,,,0,0,,,,,
454,0021501163,521,4,0,5,1:16 AM,0:57,Thompson REBOUND (Off:0 Def:3),,,,,4.0,202691,Klay Thompson,1610612744.0,Golden State,Warriors,GSW,0,0,,,,,,0,0,,,,,
455,0021501163,522,9,1,5,1:16 AM,0:56,WARRIORS Timeout: Regular (Full 7 Short 1),,,,,2.0,1610612744,,,,,,0,0,,,,,,0,0,,,,,
456,0021501163,523,2,1,5,1:18 AM,0:50,MISS Curry 26' 3PT Jump Shot,,,,,4.0,201939,Stephen Curry,1610612744.0,Golden State,Warriors,GSW,0,0,,,,,,0,0,,,,,
457,0021501163,524,4,0,5,1:19 AM,0:49,,,Wiggins REBOUND (Off:1 Def:3),,,5.0,203952,Andrew Wiggins,1610612750.0,Minnesota,Timberwolves,MIN,0,0,,,,,,0,0,,,,,
458,0021501163,525,6,1,5,1:19 AM,0:49,Thompson P.FOUL (P2.PN) (T.Washington),,,,,4.0,202691,Klay Thompson,1610612744.0,Golden State,Warriors,GSW,5,203952,Andrew Wiggins,1610612750.0,Minnesota,Timberwolves,MIN,1,0,,,,,
459,0021501163,526,3,11,5,1:19 AM,0:49,,,MISS Wiggins Free Throw 1 of 2,,,5.0,203952,Andrew Wiggins,1610612750.0,Minnesota,Timberwolves,MIN,0,0,,,,,,0,0,,,,,
460,0021501163,527,4,1,5,1:19 AM,0:49,,,Timberwolves Rebound,,,3.0,1610612750,,,,,,0,0,,,,,,0,0,,,,,
461,0021501163,528,3,12,5,1:19 AM,0:49,,,Wiggins Free Throw 2 of 2 (30 PTS),119 - 114,-5,5.0,203952,Andrew Wiggins,1610612750.0,Minnesota,Timberwolves,MIN,0,0,,,,,,0,0,,,,,
462,0021501163,530,2,41,5,1:20 AM,0:41,MISS Curry 2' Running Layup,,,,,4.0,201939,Stephen Curry,1610612744.0,Golden State,Warriors,GSW,0,0,,,,,,0,0,,,,,
463,0021501163,531,4,0,5,1:20 AM,0:40,,,Towns REBOUND (Off:2 Def:10),,,5.0,1626157,Karl-Anthony Towns,1610612750.0,Minnesota,Timberwolves,MIN,0,0,,,,,,0,0,,,,,
464,0021501163,532,6,1,5,1:20 AM,0:40,Livingston P.FOUL (P4.PN) (T.Washington),,,,,4.0,2733,Shaun Livingston,1610612744.0,Golden State,Warriors,GSW,5,1626157,Karl-Anthony Towns,1610612750.0,Minnesota,Timberwolves,MIN,1,0,,,,,
465,0021501163,533,3,11,5,1:21 AM,0:40,,,MISS Towns Free Throw 1 of 2,,,5.0,1626157,Karl-Anthony Towns,1610612750.0,Minnesota,Timberwolves,MIN,0,0,,,,,,0,0,,,,,
466,0021501163,534,4,1,5,1:21 AM,0:40,,,Timberwolves Rebound,,,3.0,1610612750,,,,,,0,0,,,,,,0,0,,,,,
467,0021501163,535,3,12,5,1:21 AM,0:40,,,Towns Free Throw 2 of 2 (20 PTS),120 - 114,-6,5.0,1626157,Karl-Anthony Towns,1610612750.0,Minnesota,Timberwolves,MIN,0,0,,,,,,0,0,,,,,
468,0021501163,537,2,1,5,1:21 AM,0:31,MISS Thompson 26' 3PT Jump Shot,,,,,4.0,202691,Klay Thompson,1610612744.0,Golden State,Warriors,GSW,0,0,,,,,,0,0,,,,,
469,0021501163,538,4,0,5,1:21 AM,0:30,,,Wiggins REBOUND (Off:1 Def:4),,,5.0,203952,Andrew Wiggins,1610612750.0,Minnesota,Timberwolves,MIN,0,0,,,,,,0,0,,,,,
470,0021501163,539,6,1,5,1:21 AM,0:28,Thompson P.FOUL (P3.PN) (T.Washington),,,,,4.0,202691,Klay Thompson,1610612744.0,Golden State,Warriors,GSW,5,203952,Andrew Wiggins,1610612750.0,Minnesota,Timberwolves,MIN,1,0,,,,,
471,0021501163,540,3,11,5,1:22 AM,0:28,,,Wiggins Free Throw 1 of 2 (31 PTS),121 - 114,-7,5.0,203952,Andrew Wiggins,1610612750.0,Minnesota,Timberwolves,MIN,0,0,,,,,,0,0,,,,,
472,0021501163,542,3,12,5,1:22 AM,0:28,,,Wiggins Free Throw 2 of 2 (32 PTS),122 - 114,-8,5.0,203952,Andrew Wiggins,1610612750.0,Minnesota,Timberwolves,MIN,0,0,,,,,,0,0,,,,,
473,0021501163,544,1,1,5,1:22 AM,0:21,Thompson 27' 3PT Jump Shot (28 PTS),,,122 - 117,-5,4.0,202691,Klay Thompson,1610612744.0,Golden State,Warriors,GSW,0,0,,,,,,0,0,,,,,
474,0021501163,545,6,1,5,1:23 AM,0:20,Thompson P.FOUL (P4.PN) (T.Washington),,,,,4.0,202691,Klay Thompson,1610612744.0,Golden State,Warriors,GSW,5,203498,Shabazz Muhammad,1610612750.0,Minnesota,Timberwolves,MIN,1,0,,,,,
475,0021501163,546,3,11,5,1:23 AM,0:20,,,Muhammad Free Throw 1 of 2 (34 PTS),123 - 117,-6,5.0,203498,Shabazz Muhammad,1610612750.0,Minnesota,Timberwolves,MIN,0,0,,,,,,0,0,,,,,
476,0021501163,548,8,0,5,1:23 AM,0:20,,,SUB: Prince FOR Towns,,,5.0,1626157,Karl-Anthony Towns,1610612750.0,Minnesota,Timberwolves,MIN,5,2419,Tayshaun Prince,1610612750.0,Minnesota,Timberwolves,MIN,0,0,,,,,
477,0021501163,549,3,12,5,1:23 AM,0:20,,,Muhammad Free Throw 2 of 2 (35 PTS),124 - 117,-7,5.0,203498,Shabazz Muhammad,1610612750.0,Minnesota,Timberwolves,MIN,0,0,,,,,,0,0,,,,,
478,0021501163,551,2,1,5,1:24 AM,0:17,MISS Curry 29' 3PT Jump Shot,,,,,4.0,201939,Stephen Curry,1610612744.0,Golden State,Warriors,GSW,0,0,,,,,,0,0,,,,,
479,0021501163,552,4,0,5,1:24 AM,0:15,,,Muhammad REBOUND (Off:2 Def:4),,,5.0,203498,Shabazz Muhammad,1610612750.0,Minnesota,Timberwolves,MIN,0,0,,,,,,0,0,,,,,
480,0021501163,553,13,0,5,1:24 AM,0:00,,,,124 - 117,-7,0.0,0,,,,,,0,0,,,,,,0,0,,,,,
