,GAME_ID,EVENTNUM,EVENTMSGTYPE,EVENTMSGACTIONTYPE,PERIOD,WCTIMESTRING,PCTIMESTRING,HOMEDESCRIPTION,NEUTRALDESCRIPTION,VISITORDESCRIPTION,SCORE,SCOREMARGIN,PERSON1TYPE,PLAYER1_ID,PLAYER1_NAME,PLAYER1_TEAM_ID,PLAYER1_TEAM_CITY,PLAYER1_TEAM_NICKNAME,PLAYER1_TEAM_ABBREVIATION,PERSON2TYPE,PLAYER2_ID,PLAYER2_NAME,PLAYER2_TEAM_ID,PLAYER2_TEAM_CITY,PLAYER2_TEAM_NICKNAME,PLAYER2_TEAM_ABBREVIATION,PERSON3TYPE,PLAYER3_ID,PLAYER3_NAME,PLAYER3_TEAM_ID,PLAYER3_TEAM_CITY,PLAYER3_TEAM_NICKNAME,PLAYER3_TEAM_ABBREVIATION
0,0021300484,0,12,0,1,7:41 PM,12:00,,,,,,0.0,0,,,,,,0,0,,,,,,0,0,,,,,
1,0021300484,1,10,0,1,7:41 PM,12:00,Jump Ball Bass vs. Davis: Tip to Crawford,,,,,4.0,101138,Brandon Bass,1610612738.0,Boston,Celtics,BOS,5,203076,Anthony Davis,1610612740.0,New Orleans,Pelicans,NOP,4,202348,Jordan Crawford,1610612738.0,Boston,Celtics,BOS
2,0021300484,2,2,56,1,7:41 PM,11:43,MISS Green 6' Running Hook Shot,,,,,4.0,201145,Jeff Green,1610612738.0,Boston,Celtics,BOS,0,0,,,,,,0,0,,,,,
3,0021300484,3,4,0,1,7:41 PM,11:42,,,Holiday REBOUND (Off:0 Def:1),,,5.0,201950,Jrue Holiday,1610612740.0,New Orleans,Pelicans,NOP,0,0,,,,,,0,0,,,,,
4,0021300484,4,2,80,1,7:41 PM,11:32,,,MISS Holiday 18' Step Back Jump Shot,,,5.0,201950,Jrue Holiday,1610612740.0,New Orleans,Pelicans,NOP,0,0,,,,,,0,0,,,,,
5,0021300484,5,4,0,1,7:41 PM,11:30,Bass REBOUND (Off:0 Def:1),,,,,4.0,101138,Brandon Bass,1610612738.0,Boston,Celtics,BOS,0,0,,,,,,0,0,,,,,
6,0021300484,6,2,1,1,7:42 PM,11:11,MISS Green 23' Jump Shot,,,,,4.0,201145,Jeff Green,1610612738.0,Boston,Celtics,BOS,0,0,,,,,,0,0,,,,,
7,0021300484,7,4,0,1,7:42 PM,11:09,,,Gordon REBOUND (Off:0 Def:1),,,5.0,201569,Eric Gordon,1610612740.0,New Orleans,Pelicans,NOP,0,0,,,,,,0,0,,,,,
8,0021300484,8,1,1,1,7:42 PM,10:53,,,Davis 17' Jump Shot (2 PTS) (Ajinca 1 AST),2 - 0,-2,5.0,203076,Anthony Davis,1610612740.0,New Orleans,Pelicans,NOP,5,201582,Alexis Ajinca,1610612740.0,New Orleans,Pelicans,NOP,0,0,,,,,
9,0021300484,9,2,79,1,7:42 PM,10:39,MISS Bradley 18' Pullup Jump Shot,,,,,4.0,202340,Avery Bradley,1610612738.0,Boston,Celtics,BOS,0,0,,,,,,0,0,,,,,
10,0021300484,10,4,0,1,7:42 PM,10:38,,,Aminu REBOUND (Off:0 Def:1),,,5.0,202329,Al-Farouq Aminu,1610612740.0,New Orleans,Pelicans,NOP,0,0,,,,,,0,0,,,,,
11,0021300484,11,2,1,1,7:42 PM,10:26,,,MISS Aminu 22' Jump Shot,,,5.0,202329,Al-Farouq Aminu,1610612740.0,New Orleans,Pelicans,NOP,0,0,,,,,,0,0,,,,,
12,0021300484,12,4,0,1,7:42 PM,10:24,,,Ajinca REBOUND (Off:1 Def:0),,,5.0,201582,Alexis Ajinca,1610612740.0,New Orleans,Pelicans,NOP,0,0,,,,,,0,0,,,,,
13,0021300484,13,5,4,1,7:42 PM,10:20,,,Gordon Traveling Turnover (P1.T1),,,5.0,201569,Eric Gordon,1610612740.0,New Orleans,Pelicans,NOP,0,0,,,,,,1,0,,,,,
14,0021300484,14,1,1,1,7:43 PM,9:56,Bass 4' Jump Shot (2 PTS),,,2 - 2,TIE,4.0,101138,Brandon Bass,1610612738.0,Boston,Celtics,BOS,0,0,,,,,,0,0,,,,,
15,0021300484,15,2,42,1,7:43 PM,9:50,Green BLOCK (1 BLK),,MISS Aminu 3' Driving Layup,,,5.0,202329,Al-Farouq Aminu,1610612740.0,New Orleans,Pelicans,NOP,0,0,,,,,,4,201145,Jeff Green,1610612738.0,Boston,Celtics,BOS
16,0021300484,16,4,0,1,7:43 PM,9:49,Crawford REBOUND (Off:0 Def:1),,,,,4.0,202348,Jordan Crawford,1610612738.0,Boston,Celtics,BOS,0,0,,,,,,0,0,,,,,
17,0021300484,17,1,79,1,7:43 PM,9:30,Bradley 11' Pullup Jump Shot (2 PTS) (Green 1 AST),,,2 - 4,2,4.0,202340,Avery Bradley,1610612738.0,Boston,Celtics,BOS,4,201145,Jeff Green,1610612738.0,Boston,Celtics,BOS,0,0,,,,,
18,0021300484,18,1,80,1,7:44 PM,9:15,,,Holiday 15' Step Back Jump Shot (2 PTS),4 - 4,TIE,5.0,201950,Jrue Holiday,1610612740.0,New Orleans,Pelicans,NOP,0,0,,,,,,0,0,,,,,
19,0021300484,19,2,1,1,7:44 PM,9:07,MISS Crawford 25' 3PT Jump Shot,,,,,4.0,202348,Jordan Crawford,1610612738.0,Boston,Celtics,BOS,0,0,,,,,,0,0,,,,,
20,0021300484,20,4,0,1,7:44 PM,9:06,,,Aminu REBOUND (Off:0 Def:2),,,5.0,202329,Al-Farouq Aminu,1610612740.0,New Orleans,Pelicans,NOP,0,0,,,,,,0,0,,,,,
21,0021300484,21,2,1,1,7:44 PM,8:58,,,MISS Holiday 19' Jump Shot,,,5.0,201950,Jrue Holiday,1610612740.0,New Orleans,Pelicans,NOP,0,0,,,,,,0,0,,,,,
22,0021300484,22,4,0,1,7:44 PM,8:57,Green REBOUND (Off:0 Def:1),,,,,4.0,201145,Jeff Green,1610612738.0,Boston,Celtics,BOS,0,0,,,,,,0,0,,,,,
23,0021300484,23,6,1,1,7:44 PM,8:51,,,Ajinca P.FOUL (P1.T1),,,5.0,201582,Alexis Ajinca,1610612740.0,New Orleans,Pelicans,NOP,4,203096,Jared Sullinger,1610612738.0,Boston,Celtics,BOS,1,0,,,,,
24,0021300484,24,5,4,1,7:45 PM,8:36,Crawford Traveling Turnover (P1.T1),,,,,4.0,202348,Jordan Crawford,1610612738.0,Boston,Celtics,BOS,0,0,,,,,,1,0,,,,,
25,0021300484,25,2,1,1,7:45 PM,8:23,,,MISS Davis 14' Jump Shot,,,5.0,203076,Anthony Davis,1610612740.0,New Orleans,Pelicans,NOP,0,0,,,,,,0,0,,,,,
26,0021300484,26,4,0,1,7:45 PM,8:22,Bass REBOUND (Off:0 Def:2),,,,,4.0,101138,Brandon Bass,1610612738.0,Boston,Celtics,BOS,0,0,,,,,,0,0,,,,,
27,0021300484,27,6,4,1,7:45 PM,8:16,Sullinger OFF.Foul (P1),,,,,4.0,203096,Jared Sullinger,1610612738.0,Boston,Celtics,BOS,5,201582,Alexis Ajinca,1610612740.0,New Orleans,Pelicans,NOP,1,0,,,,,
28,0021300484,28,5,5,1,7:45 PM,8:16,Sullinger Foul Turnover (P1.T2),,,,,4.0,203096,Jared Sullinger,1610612738.0,Boston,Celtics,BOS,0,0,,,,,,1,0,,,,,
29,0021300484,29,2,63,1,7:46 PM,8:05,,,MISS Gordon 12' Fadeaway Jumper,,,5.0,201569,Eric Gordon,1610612740.0,New Orleans,Pelicans,NOP,0,0,,,,,,0,0,,,,,
30,0021300484,30,4,0,1,7:46 PM,8:04,Bass REBOUND (Off:0 Def:3),,,,,4.0,101138,Brandon Bass,1610612738.0,Boston,Celtics,BOS,0,0,,,,,,0,0,,,,,
31,0021300484,31,1,88,1,7:46 PM,7:58,Green  Driving Slam Dunk (2 PTS) (Crawford 1 AST),,,4 - 6,2,4.0,201145,Jeff Green,1610612738.0,Boston,Celtics,BOS,4,202348,Jordan Crawford,1610612738.0,Boston,Celtics,BOS,0,0,,,,,
32,0021300484,32,6,26,1,7:46 PM,7:37,,,Davis Offensive Charge Foul (P1.T2),,,5.0,203076,Anthony Davis,1610612740.0,New Orleans,Pelicans,NOP,4,201145,Jeff Green,1610612738.0,Boston,Celtics,BOS,1,0,,,,,
33,0021300484,33,5,5,1,7:46 PM,7:37,,,Davis Foul Turnover (P1.T2),,,5.0,203076,Anthony Davis,1610612740.0,New Orleans,Pelicans,NOP,0,0,,,,,,1,0,,,,,
34,0021300484,34,2,86,1,7:47 PM,7:21,MISS Sullinger 4' Turnaround Fadeaway Shot,,,,,4.0,203096,Jared Sullinger,1610612738.0,Boston,Celtics,BOS,0,0,,,,,,0,0,,,,,
35,0021300484,35,4,0,1,7:47 PM,7:20,,,Aminu REBOUND (Off:0 Def:3),,,5.0,202329,Al-Farouq Aminu,1610612740.0,New Orleans,Pelicans,NOP,0,0,,,,,,0,0,,,,,
36,0021300484,36,2,1,1,7:47 PM,7:03,,,MISS Aminu 21' Jump Shot,,,5.0,202329,Al-Farouq Aminu,1610612740.0,New Orleans,Pelicans,NOP,0,0,,,,,,0,0,,,,,
37,0021300484,37,4,0,1,7:47 PM,7:02,Bradley REBOUND (Off:0 Def:1),,,,,4.0,202340,Avery Bradley,1610612738.0,Boston,Celtics,BOS,0,0,,,,,,0,0,,,,,
38,0021300484,38,2,1,1,7:47 PM,6:53,MISS Green 25' 3PT Jump Shot,,,,,4.0,201145,Jeff Green,1610612738.0,Boston,Celtics,BOS,0,0,,,,,,0,0,,,,,
39,0021300484,39,4,0,1,7:47 PM,6:51,,,Gordon REBOUND (Off:0 Def:2),,,5.0,201569,Eric Gordon,1610612740.0,New Orleans,Pelicans,NOP,0,0,,,,,,0,0,,,,,
40,0021300484,40,1,1,1,7:47 PM,6:44,,,Gordon 22' Jump Shot (2 PTS),6 - 6,TIE,5.0,201569,Eric Gordon,1610612740.0,New Orleans,Pelicans,NOP,0,0,,,,,,0,0,,,,,
41,0021300484,42,9,1,1,7:48 PM,6:22,CELTICS Timeout: Regular (Full 1 Short 0),,,,,2.0,1610612738,,,,,,0,0,,,,,,0,0,,,,,
42,0021300484,44,8,0,1,7:50 PM,6:22,SUB: Humphries FOR Bass,,,,,4.0,101138,Brandon Bass,1610612738.0,Boston,Celtics,BOS,4,2743,Kris Humphries,1610612738.0,Boston,Celtics,BOS,0,0,,,,,
43,0021300484,45,1,1,1,7:50 PM,6:17,Crawford 14' Jump Shot (2 PTS),,,6 - 8,2,4.0,202348,Jordan Crawford,1610612738.0,Boston,Celtics,BOS,0,0,,,,,,0,0,,,,,
44,0021300484,46,2,77,1,7:51 PM,5:59,,,MISS Davis 3' Driving Jump Shot,,,5.0,203076,Anthony Davis,1610612740.0,New Orleans,Pelicans,NOP,0,0,,,,,,0,0,,,,,
45,0021300484,47,4,0,1,7:51 PM,5:58,Bradley REBOUND (Off:0 Def:2),,,,,4.0,202340,Avery Bradley,1610612738.0,Boston,Celtics,BOS,0,0,,,,,,0,0,,,,,
46,0021300484,48,1,1,1,7:51 PM,5:39,Bradley 21' Jump Shot (4 PTS) (Sullinger 1 AST),,,6 - 10,4,4.0,202340,Avery Bradley,1610612738.0,Boston,Celtics,BOS,4,203096,Jared Sullinger,1610612738.0,Boston,Celtics,BOS,0,0,,,,,
47,0021300484,49,1,50,1,7:51 PM,5:20,,,Davis 1' Running Dunk (4 PTS) (Holiday 1 AST),8 - 10,2,5.0,203076,Anthony Davis,1610612740.0,New Orleans,Pelicans,NOP,5,201950,Jrue Holiday,1610612740.0,New Orleans,Pelicans,NOP,0,0,,,,,
48,0021300484,50,2,1,1,7:52 PM,5:05,MISS Sullinger 26' 3PT Jump Shot,,,,,4.0,203096,Jared Sullinger,1610612738.0,Boston,Celtics,BOS,0,0,,,,,,0,0,,,,,
49,0021300484,51,4,0,1,7:52 PM,5:04,Humphries REBOUND (Off:1 Def:0),,,,,4.0,2743,Kris Humphries,1610612738.0,Boston,Celtics,BOS,0,0,,,,,,0,0,,,,,
50,0021300484,52,1,1,1,7:52 PM,4:59,Bradley 25' 3PT Jump Shot (7 PTS) (Humphries 1 AST),,,8 - 13,5,4.0,202340,Avery Bradley,1610612738.0,Boston,Celtics,BOS,4,2743,Kris Humphries,1610612738.0,Boston,Celtics,BOS,0,0,,,,,
51,0021300484,53,1,1,1,7:52 PM,4:32,,,Davis 19' Jump Shot (6 PTS) (Gordon 1 AST),10 - 13,3,5.0,203076,Anthony Davis,1610612740.0,New Orleans,Pelicans,NOP,5,201569,Eric Gordon,1610612740.0,New Orleans,Pelicans,NOP,0,0,,,,,
52,0021300484,54,2,1,1,7:52 PM,4:16,MISS Crawford 21' Jump Shot,,,,,4.0,202348,Jordan Crawford,1610612738.0,Boston,Celtics,BOS,0,0,,,,,,0,0,,,,,
53,0021300484,55,4,0,1,7:52 PM,4:14,,,Aminu REBOUND (Off:0 Def:4),,,5.0,202329,Al-Farouq Aminu,1610612740.0,New Orleans,Pelicans,NOP,0,0,,,,,,0,0,,,,,
54,0021300484,57,5,1,1,7:53 PM,4:09,,,Holiday Bad Pass Turnover (P1.T3),,,5.0,201950,Jrue Holiday,1610612740.0,New Orleans,Pelicans,NOP,0,0,,,,,,0,0,,,,,
55,0021300484,58,8,0,1,7:53 PM,4:09,,,SUB: Anderson FOR Ajinca,,,5.0,201582,Alexis Ajinca,1610612740.0,New Orleans,Pelicans,NOP,5,201583,Ryan Anderson,1610612740.0,New Orleans,Pelicans,NOP,0,0,,,,,
56,0021300484,59,5,2,1,7:53 PM,3:56,Green Lost Ball Turnover (P1.T3),,Davis STEAL (1 STL),,,4.0,201145,Jeff Green,1610612738.0,Boston,Celtics,BOS,5,203076,Anthony Davis,1610612740.0,New Orleans,Pelicans,NOP,0,0,,,,,
57,0021300484,60,6,1,1,7:53 PM,3:54,Green P.FOUL (P1.T1),,,,,4.0,201145,Jeff Green,1610612738.0,Boston,Celtics,BOS,5,203076,Anthony Davis,1610612740.0,New Orleans,Pelicans,NOP,1,0,,,,,
58,0021300484,61,8,0,1,7:54 PM,3:54,SUB: Olynyk FOR Sullinger,,,,,4.0,203096,Jared Sullinger,1610612738.0,Boston,Celtics,BOS,4,203482,Kelly Olynyk,1610612738.0,Boston,Celtics,BOS,0,0,,,,,
59,0021300484,62,8,0,1,7:54 PM,3:54,SUB: Wallace FOR Green,,,,,4.0,201145,Jeff Green,1610612738.0,Boston,Celtics,BOS,4,2222,Gerald Wallace,1610612738.0,Boston,Celtics,BOS,0,0,,,,,
60,0021300484,63,2,1,1,7:54 PM,3:42,,,MISS Holiday 9' Jump Shot,,,5.0,201950,Jrue Holiday,1610612740.0,New Orleans,Pelicans,NOP,0,0,,,,,,0,0,,,,,
61,0021300484,64,4,0,1,7:54 PM,3:40,,,Pelicans Rebound,,,3.0,1610612740,,,,,,0,0,,,,,,0,0,,,,,
62,0021300484,65,2,5,1,7:55 PM,3:27,,,MISS Davis 3' Layup,,,5.0,203076,Anthony Davis,1610612740.0,New Orleans,Pelicans,NOP,0,0,,,,,,0,0,,,,,
63,0021300484,67,4,0,1,7:55 PM,3:25,,,Anderson REBOUND (Off:1 Def:0),,,5.0,201583,Ryan Anderson,1610612740.0,New Orleans,Pelicans,NOP,0,0,,,,,,0,0,,,,,
64,0021300484,66,1,4,1,7:55 PM,3:25,,,Anderson 1' Tip Shot (2 PTS),12 - 13,1,5.0,201583,Ryan Anderson,1610612740.0,New Orleans,Pelicans,NOP,0,0,,,,,,0,0,,,,,
65,0021300484,68,2,1,1,7:55 PM,3:09,MISS Bradley 18' Jump Shot,,Davis BLOCK (1 BLK),,,4.0,202340,Avery Bradley,1610612738.0,Boston,Celtics,BOS,0,0,,,,,,5,203076,Anthony Davis,1610612740.0,New Orleans,Pelicans,NOP
66,0021300484,69,4,0,1,7:55 PM,3:08,,,Anderson REBOUND (Off:1 Def:1),,,5.0,201583,Ryan Anderson,1610612740.0,New Orleans,Pelicans,NOP,0,0,,,,,,0,0,,,,,
67,0021300484,70,6,1,1,7:55 PM,3:03,Olynyk P.FOUL (P1.T2),,,,,4.0,203482,Kelly Olynyk,1610612738.0,Boston,Celtics,BOS,5,201950,Jrue Holiday,1610612740.0,New Orleans,Pelicans,NOP,1,0,,,,,
68,0021300484,71,8,0,1,7:55 PM,3:03,,,SUB: Evans FOR Aminu,,,5.0,202329,Al-Farouq Aminu,1610612740.0,New Orleans,Pelicans,NOP,5,201936,Tyreke Evans,1610612740.0,New Orleans,Pelicans,NOP,0,0,,,,,
69,0021300484,72,8,0,1,7:55 PM,3:03,,,SUB: Miller FOR Gordon,,,5.0,201569,Eric Gordon,1610612740.0,New Orleans,Pelicans,NOP,5,203121,Darius Miller,1610612740.0,New Orleans,Pelicans,NOP,0,0,,,,,
70,0021300484,73,8,0,1,7:55 PM,3:03,SUB: Lee FOR Bradley,,,,,4.0,202340,Avery Bradley,1610612738.0,Boston,Celtics,BOS,4,201584,Courtney Lee,1610612738.0,Boston,Celtics,BOS,0,0,,,,,
71,0021300484,74,1,42,1,7:56 PM,2:55,,,Evans 3' Driving Layup (2 PTS) (Holiday 2 AST),14 - 13,-1,5.0,201936,Tyreke Evans,1610612740.0,New Orleans,Pelicans,NOP,5,201950,Jrue Holiday,1610612740.0,New Orleans,Pelicans,NOP,0,0,,,,,
72,0021300484,75,2,1,1,7:56 PM,2:27,MISS Lee 21' Jump Shot,,,,,4.0,201584,Courtney Lee,1610612738.0,Boston,Celtics,BOS,0,0,,,,,,0,0,,,,,
73,0021300484,76,4,0,1,7:56 PM,2:25,,,Holiday REBOUND (Off:0 Def:2),,,5.0,201950,Jrue Holiday,1610612740.0,New Orleans,Pelicans,NOP,0,0,,,,,,0,0,,,,,
74,0021300484,77,2,1,1,7:56 PM,2:17,,,MISS Anderson 26' 3PT Jump Shot,,,5.0,201583,Ryan Anderson,1610612740.0,New Orleans,Pelicans,NOP,0,0,,,,,,0,0,,,,,
75,0021300484,78,4,0,1,7:56 PM,2:16,Crawford REBOUND (Off:0 Def:2),,,,,4.0,202348,Jordan Crawford,1610612738.0,Boston,Celtics,BOS,0,0,,,,,,0,0,,,,,
76,0021300484,79,5,1,1,7:57 PM,2:08,Crawford Bad Pass Turnover (P2.T4),,,,,4.0,202348,Jordan Crawford,1610612738.0,Boston,Celtics,BOS,0,0,,,,,,0,0,,,,,
77,0021300484,80,9,1,1,7:57 PM,2:08,,,Pelicans Timeout: Regular (Reg.1 Short 0),,,3.0,1610612740,,,,,,0,0,,,,,,0,0,,,,,
78,0021300484,82,8,0,1,7:59 PM,2:08,,,SUB: Roberts FOR Holiday,,,5.0,201950,Jrue Holiday,1610612740.0,New Orleans,Pelicans,NOP,5,203148,Brian Roberts,1610612740.0,New Orleans,Pelicans,NOP,0,0,,,,,
79,0021300484,83,1,1,1,7:59 PM,1:57,,,Roberts 16' Jump Shot (2 PTS) (Davis 1 AST),16 - 13,-3,5.0,203148,Brian Roberts,1610612740.0,New Orleans,Pelicans,NOP,5,203076,Anthony Davis,1610612740.0,New Orleans,Pelicans,NOP,0,0,,,,,
80,0021300484,85,1,1,1,8:00 PM,1:35,Wallace 22' Jump Shot (2 PTS) (Humphries 2 AST),,,16 - 15,-1,4.0,2222,Gerald Wallace,1610612738.0,Boston,Celtics,BOS,4,2743,Kris Humphries,1610612738.0,Boston,Celtics,BOS,0,0,,,,,
81,0021300484,86,1,1,1,8:00 PM,1:11,,,Roberts 18' Jump Shot (4 PTS) (Davis 2 AST),18 - 15,-3,5.0,203148,Brian Roberts,1610612740.0,New Orleans,Pelicans,NOP,5,203076,Anthony Davis,1610612740.0,New Orleans,Pelicans,NOP,0,0,,,,,
82,0021300484,87,2,1,1,8:00 PM,0:52,MISS Humphries 13' Jump Shot,,,,,4.0,2743,Kris Humphries,1610612738.0,Boston,Celtics,BOS,0,0,,,,,,0,0,,,,,
83,0021300484,88,4,0,1,8:00 PM,0:51,,,Evans REBOUND (Off:0 Def:1),,,5.0,201936,Tyreke Evans,1610612740.0,New Orleans,Pelicans,NOP,0,0,,,,,,0,0,,,,,
84,0021300484,89,1,80,1,8:01 PM,0:39,,,Anderson 16' Step Back Jump Shot (4 PTS),20 - 15,-5,5.0,201583,Ryan Anderson,1610612740.0,New Orleans,Pelicans,NOP,0,0,,,,,,0,0,,,,,
85,0021300484,90,1,86,1,8:01 PM,0:24,Humphries 12' Turnaround Fadeaway (2 PTS),,,20 - 17,-3,4.0,2743,Kris Humphries,1610612738.0,Boston,Celtics,BOS,0,0,,,,,,0,0,,,,,
86,0021300484,91,1,42,1,8:01 PM,0:03,,,Evans 1' Driving Layup (4 PTS),22 - 17,-5,5.0,201936,Tyreke Evans,1610612740.0,New Orleans,Pelicans,NOP,0,0,,,,,,0,0,,,,,
87,0021300484,92,2,1,1,8:02 PM,0:01,MISS Lee 46' 3PT Jump Shot,,,,,4.0,201584,Courtney Lee,1610612738.0,Boston,Celtics,BOS,0,0,,,,,,0,0,,,,,
88,0021300484,93,4,0,1,8:02 PM,0:00,CELTICS Rebound,,,,,2.0,1610612738,,,,,,0,0,,,,,,0,0,,,,,
89,0021300484,94,13,0,1,8:02 PM,0:00,,,,22 - 17,-5,0.0,0,,,,,,0,0,,,,,,0,0,,,,,
90,0021300484,96,12,0,2,8:04 PM,12:00,,,,22 - 17,-5,0.0,0,,,,,,0,0,,,,,,0,0,,,,,
91,0021300484,97,6,1,2,8:04 PM,11:50,Lee P.FOUL (P1.T1),,,,,4.0,201584,Courtney Lee,1610612738.0,Boston,Celtics,BOS,5,201936,Tyreke Evans,1610612740.0,New Orleans,Pelicans,NOP,1,0,,,,,
92,0021300484,98,5,1,2,8:05 PM,11:42,Lee STEAL (1 STL),,Roberts Bad Pass Turnover (P1.T4),,,5.0,203148,Brian Roberts,1610612740.0,New Orleans,Pelicans,NOP,4,201584,Courtney Lee,1610612738.0,Boston,Celtics,BOS,0,0,,,,,
93,0021300484,99,6,2,2,8:05 PM,11:33,,,Miller S.FOUL (P1.T1),,,5.0,203121,Darius Miller,1610612740.0,New Orleans,Pelicans,NOP,4,2222,Gerald Wallace,1610612738.0,Boston,Celtics,BOS,1,0,,,,,
94,0021300484,100,3,11,2,8:05 PM,11:33,MISS Wallace Free Throw 1 of 2,,,,,4.0,2222,Gerald Wallace,1610612738.0,Boston,Celtics,BOS,0,0,,,,,,0,0,,,,,
95,0021300484,101,4,1,2,8:05 PM,11:33,CELTICS Rebound,,,,,2.0,1610612738,,,,,,0,0,,,,,,0,0,,,,,
96,0021300484,102,3,12,2,8:05 PM,11:33,Wallace Free Throw 2 of 2 (3 PTS),,,22 - 18,-4,4.0,2222,Gerald Wallace,1610612738.0,Boston,Celtics,BOS,0,0,,,,,,0,0,,,,,
97,0021300484,104,2,1,2,8:06 PM,11:16,Bass BLOCK (1 BLK),,MISS Anderson 19' Jump Shot,,,5.0,201583,Ryan Anderson,1610612740.0,New Orleans,Pelicans,NOP,0,0,,,,,,4,101138,Brandon Bass,1610612738.0,Boston,Celtics,BOS
98,0021300484,105,4,0,2,8:06 PM,11:15,Lee REBOUND (Off:0 Def:1),,,,,4.0,201584,Courtney Lee,1610612738.0,Boston,Celtics,BOS,0,0,,,,,,0,0,,,,,
99,0021300484,106,2,79,2,8:06 PM,11:10,MISS Lee 17' Pullup Jump Shot,,,,,4.0,201584,Courtney Lee,1610612738.0,Boston,Celtics,BOS,0,0,,,,,,0,0,,,,,
100,0021300484,107,4,0,2,8:06 PM,11:09,Sullinger REBOUND (Off:1 Def:0),,,,,4.0,203096,Jared Sullinger,1610612738.0,Boston,Celtics,BOS,0,0,,,,,,0,0,,,,,
101,0021300484,108,1,72,2,8:06 PM,11:08,Sullinger 1' Putback Layup (2 PTS),,,22 - 20,-2,4.0,203096,Jared Sullinger,1610612738.0,Boston,Celtics,BOS,0,0,,,,,,0,0,,,,,
102,0021300484,109,6,2,2,8:06 PM,11:08,,,Evans S.FOUL (P1.T2),,,5.0,201936,Tyreke Evans,1610612740.0,New Orleans,Pelicans,NOP,4,203096,Jared Sullinger,1610612738.0,Boston,Celtics,BOS,1,0,,,,,
103,0021300484,110,3,10,2,8:06 PM,11:08,Sullinger Free Throw 1 of 1 (3 PTS),,,22 - 21,-1,4.0,203096,Jared Sullinger,1610612738.0,Boston,Celtics,BOS,0,0,,,,,,0,0,,,,,
104,0021300484,112,1,7,2,8:07 PM,10:50,,,Stiemsma 1' Dunk (2 PTS) (Evans 1 AST),24 - 21,-3,5.0,201880,Greg Stiemsma,1610612740.0,New Orleans,Pelicans,NOP,5,201936,Tyreke Evans,1610612740.0,New Orleans,Pelicans,NOP,0,0,,,,,
105,0021300484,113,2,63,2,8:07 PM,10:21,MISS Sullinger 11' Fadeaway Jumper,,,,,4.0,203096,Jared Sullinger,1610612738.0,Boston,Celtics,BOS,0,0,,,,,,0,0,,,,,
106,0021300484,114,4,0,2,8:07 PM,10:20,Bass REBOUND (Off:1 Def:3),,,,,4.0,101138,Brandon Bass,1610612738.0,Boston,Celtics,BOS,0,0,,,,,,0,0,,,,,
107,0021300484,115,1,87,2,8:07 PM,10:19,Bass 1' Putback Dunk (4 PTS),,,24 - 23,-1,4.0,101138,Brandon Bass,1610612738.0,Boston,Celtics,BOS,0,0,,,,,,0,0,,,,,
108,0021300484,116,2,1,2,8:08 PM,9:55,,,MISS Stiemsma 14' Jump Shot,,,5.0,201880,Greg Stiemsma,1610612740.0,New Orleans,Pelicans,NOP,0,0,,,,,,0,0,,,,,
109,0021300484,117,4,0,2,8:08 PM,9:53,Sullinger REBOUND (Off:1 Def:1),,,,,4.0,203096,Jared Sullinger,1610612738.0,Boston,Celtics,BOS,0,0,,,,,,0,0,,,,,
110,0021300484,118,1,1,2,8:08 PM,9:40,Lee 25' 3PT Jump Shot (3 PTS) (Wallace 1 AST),,,24 - 26,2,4.0,201584,Courtney Lee,1610612738.0,Boston,Celtics,BOS,4,2222,Gerald Wallace,1610612738.0,Boston,Celtics,BOS,0,0,,,,,
111,0021300484,119,1,42,2,8:08 PM,9:23,,,Evans 2' Driving Layup (6 PTS) (Roberts 1 AST),26 - 26,TIE,5.0,201936,Tyreke Evans,1610612740.0,New Orleans,Pelicans,NOP,5,203148,Brian Roberts,1610612740.0,New Orleans,Pelicans,NOP,0,0,,,,,
112,0021300484,121,2,1,2,8:09 PM,8:56,MISS Lee 24' 3PT Jump Shot,,,,,4.0,201584,Courtney Lee,1610612738.0,Boston,Celtics,BOS,0,0,,,,,,0,0,,,,,
113,0021300484,122,4,0,2,8:09 PM,8:55,,,Evans REBOUND (Off:0 Def:2),,,5.0,201936,Tyreke Evans,1610612740.0,New Orleans,Pelicans,NOP,0,0,,,,,,0,0,,,,,
114,0021300484,123,5,1,2,8:09 PM,8:37,Sullinger STEAL (1 STL),,Anderson Bad Pass Turnover (P1.T5),,,5.0,201583,Ryan Anderson,1610612740.0,New Orleans,Pelicans,NOP,4,203096,Jared Sullinger,1610612738.0,Boston,Celtics,BOS,0,0,,,,,
115,0021300484,124,1,8,2,8:09 PM,8:24,Bass 1' Slam Dunk (6 PTS) (Lee 1 AST),,,26 - 28,2,4.0,101138,Brandon Bass,1610612738.0,Boston,Celtics,BOS,4,201584,Courtney Lee,1610612738.0,Boston,Celtics,BOS,0,0,,,,,
116,0021300484,125,1,5,2,8:10 PM,8:18,,,Evans 2' Layup (8 PTS) (Roberts 2 AST),28 - 28,TIE,5.0,201936,Tyreke Evans,1610612740.0,New Orleans,Pelicans,NOP,5,203148,Brian Roberts,1610612740.0,New Orleans,Pelicans,NOP,0,0,,,,,
117,0021300484,126,1,42,2,8:10 PM,8:02,Sullinger 3' Driving Layup (5 PTS) (Pressey 1 AST),,,28 - 30,2,4.0,203096,Jared Sullinger,1610612738.0,Boston,Celtics,BOS,4,203515,Phil Pressey,1610612738.0,Boston,Celtics,BOS,0,0,,,,,
118,0021300484,127,2,5,2,8:10 PM,7:45,Sullinger BLOCK (1 BLK),,MISS Evans 3' Layup,,,5.0,201936,Tyreke Evans,1610612740.0,New Orleans,Pelicans,NOP,0,0,,,,,,4,203096,Jared Sullinger,1610612738.0,Boston,Celtics,BOS
119,0021300484,128,4,0,2,8:10 PM,7:43,,,Evans REBOUND (Off:1 Def:2),,,5.0,201936,Tyreke Evans,1610612740.0,New Orleans,Pelicans,NOP,0,0,,,,,,0,0,,,,,
120,0021300484,129,1,3,2,8:10 PM,7:41,,,Stiemsma 4' Hook Shot (4 PTS) (Evans 2 AST),30 - 30,TIE,5.0,201880,Greg Stiemsma,1610612740.0,New Orleans,Pelicans,NOP,5,201936,Tyreke Evans,1610612740.0,New Orleans,Pelicans,NOP,0,0,,,,,
121,0021300484,130,2,5,2,8:10 PM,7:23,MISS Wallace 3' Layup,,,,,4.0,2222,Gerald Wallace,1610612738.0,Boston,Celtics,BOS,0,0,,,,,,0,0,,,,,
122,0021300484,131,4,0,2,8:11 PM,7:22,,,Pelicans Rebound,,,3.0,1610612740,,,,,,0,0,,,,,,0,0,,,,,
123,0021300484,132,6,3,2,8:11 PM,7:22,Sullinger L.B.FOUL (P2.T2),,,,,4.0,203096,Jared Sullinger,1610612738.0,Boston,Celtics,BOS,5,201880,Greg Stiemsma,1610612740.0,New Orleans,Pelicans,NOP,1,0,,,,,
124,0021300484,133,9,4,2,8:11 PM,7:22,,,,,,1.0,0,,,,,,0,0,,,,,,0,0,,,,,
125,0021300484,136,6,2,2,8:14 PM,7:06,Pressey S.FOUL (P1.T3),,,,,4.0,203515,Phil Pressey,1610612738.0,Boston,Celtics,BOS,5,203148,Brian Roberts,1610612740.0,New Orleans,Pelicans,NOP,1,0,,,,,
126,0021300484,137,3,11,2,8:14 PM,7:06,,,Roberts Free Throw 1 of 2 (5 PTS),31 - 30,-1,5.0,203148,Brian Roberts,1610612740.0,New Orleans,Pelicans,NOP,0,0,,,,,,0,0,,,,,
127,0021300484,139,8,0,2,8:14 PM,7:06,,,SUB: Gordon FOR Miller,,,5.0,203121,Darius Miller,1610612740.0,New Orleans,Pelicans,NOP,5,201569,Eric Gordon,1610612740.0,New Orleans,Pelicans,NOP,0,0,,,,,
128,0021300484,140,3,12,2,8:14 PM,7:06,,,Roberts Free Throw 2 of 2 (6 PTS),32 - 30,-2,5.0,203148,Brian Roberts,1610612740.0,New Orleans,Pelicans,NOP,0,0,,,,,,0,0,,,,,
129,0021300484,143,5,11,2,8:15 PM,6:42,CELTICS Turnover: Shot Clock (T#5),,,,,2.0,1610612738,,,,,,0,0,,,,,,1,0,,,,,
130,0021300484,144,1,63,2,8:15 PM,6:26,,,Stiemsma 5' Fadeaway Jumper (6 PTS) (Gordon 2 AST),34 - 30,-4,5.0,201880,Greg Stiemsma,1610612740.0,New Orleans,Pelicans,NOP,5,201569,Eric Gordon,1610612740.0,New Orleans,Pelicans,NOP,0,0,,,,,
131,0021300484,145,6,2,2,8:15 PM,6:26,Sullinger S.FOUL (P3.T4),,,,,4.0,203096,Jared Sullinger,1610612738.0,Boston,Celtics,BOS,5,201880,Greg Stiemsma,1610612740.0,New Orleans,Pelicans,NOP,1,0,,,,,
132,0021300484,146,8,0,2,8:15 PM,6:26,SUB: Humphries FOR Sullinger,,,,,4.0,203096,Jared Sullinger,1610612738.0,Boston,Celtics,BOS,4,2743,Kris Humphries,1610612738.0,Boston,Celtics,BOS,0,0,,,,,
133,0021300484,147,3,10,2,8:16 PM,6:26,,,MISS Stiemsma Free Throw 1 of 1,,,5.0,201880,Greg Stiemsma,1610612740.0,New Orleans,Pelicans,NOP,0,0,,,,,,0,0,,,,,
134,0021300484,149,4,0,2,8:16 PM,6:26,,,Evans REBOUND (Off:2 Def:2),,,5.0,201936,Tyreke Evans,1610612740.0,New Orleans,Pelicans,NOP,0,0,,,,,,0,0,,,,,
135,0021300484,150,2,1,2,8:16 PM,6:14,,,MISS Evans 21' Jump Shot,,,5.0,201936,Tyreke Evans,1610612740.0,New Orleans,Pelicans,NOP,0,0,,,,,,0,0,,,,,
136,0021300484,151,4,0,2,8:16 PM,6:13,Pressey REBOUND (Off:0 Def:1),,,,,4.0,203515,Phil Pressey,1610612738.0,Boston,Celtics,BOS,0,0,,,,,,0,0,,,,,
137,0021300484,152,2,1,2,8:16 PM,6:00,MISS Pressey 25' 3PT Jump Shot,,,,,4.0,203515,Phil Pressey,1610612738.0,Boston,Celtics,BOS,0,0,,,,,,0,0,,,,,
138,0021300484,153,4,0,2,8:16 PM,5:59,,,Evans REBOUND (Off:2 Def:3),,,5.0,201936,Tyreke Evans,1610612740.0,New Orleans,Pelicans,NOP,0,0,,,,,,0,0,,,,,
139,0021300484,154,1,1,2,8:16 PM,5:47,,,Stiemsma 15' Jump Shot (8 PTS) (Evans 3 AST),36 - 30,-6,5.0,201880,Greg Stiemsma,1610612740.0,New Orleans,Pelicans,NOP,5,201936,Tyreke Evans,1610612740.0,New Orleans,Pelicans,NOP,0,0,,,,,
140,0021300484,155,2,1,2,8:17 PM,5:30,MISS Lee  3PT Jump Shot,,,,,4.0,201584,Courtney Lee,1610612738.0,Boston,Celtics,BOS,0,0,,,,,,0,0,,,,,
141,0021300484,156,4,0,2,8:17 PM,5:28,Humphries REBOUND (Off:2 Def:0),,,,,4.0,2743,Kris Humphries,1610612738.0,Boston,Celtics,BOS,0,0,,,,,,0,0,,,,,
142,0021300484,157,1,1,2,8:17 PM,5:15,Bass 15' Jump Shot (8 PTS) (Pressey 2 AST),,,36 - 32,-4,4.0,101138,Brandon Bass,1610612738.0,Boston,Celtics,BOS,4,203515,Phil Pressey,1610612738.0,Boston,Celtics,BOS,0,0,,,,,
143,0021300484,158,1,1,2,8:17 PM,4:50,,,Anderson 19' Jump Shot (6 PTS) (Evans 4 AST),38 - 32,-6,5.0,201583,Ryan Anderson,1610612740.0,New Orleans,Pelicans,NOP,5,201936,Tyreke Evans,1610612740.0,New Orleans,Pelicans,NOP,0,0,,,,,
144,0021300484,159,9,1,2,8:17 PM,4:48,CELTICS Timeout: Regular (Full 2 Short 0),,,,,2.0,1610612738,,,,,,0,0,,,,,,0,0,,,,,
145,0021300484,162,8,0,2,8:20 PM,4:48,SUB: Bradley FOR Wallace,,,,,4.0,2222,Gerald Wallace,1610612738.0,Boston,Celtics,BOS,4,202340,Avery Bradley,1610612738.0,Boston,Celtics,BOS,0,0,,,,,
146,0021300484,163,8,0,2,8:20 PM,4:48,SUB: Green FOR Lee,,,,,4.0,201584,Courtney Lee,1610612738.0,Boston,Celtics,BOS,4,201145,Jeff Green,1610612738.0,Boston,Celtics,BOS,0,0,,,,,
147,0021300484,164,8,0,2,8:20 PM,4:48,SUB: Crawford FOR Pressey,,,,,4.0,203515,Phil Pressey,1610612738.0,Boston,Celtics,BOS,4,202348,Jordan Crawford,1610612738.0,Boston,Celtics,BOS,0,0,,,,,
148,0021300484,165,8,0,2,8:20 PM,4:48,,,SUB: Davis FOR Stiemsma,,,5.0,201880,Greg Stiemsma,1610612740.0,New Orleans,Pelicans,NOP,5,203076,Anthony Davis,1610612740.0,New Orleans,Pelicans,NOP,0,0,,,,,
149,0021300484,166,1,1,2,8:20 PM,4:36,Bass 12' Jump Shot (10 PTS) (Crawford 2 AST),,,38 - 34,-4,4.0,101138,Brandon Bass,1610612738.0,Boston,Celtics,BOS,4,202348,Jordan Crawford,1610612738.0,Boston,Celtics,BOS,0,0,,,,,
150,0021300484,167,2,1,2,8:20 PM,4:17,,,MISS Roberts 20' Jump Shot,,,5.0,203148,Brian Roberts,1610612740.0,New Orleans,Pelicans,NOP,0,0,,,,,,0,0,,,,,
151,0021300484,168,4,0,2,8:20 PM,4:16,Bradley REBOUND (Off:0 Def:3),,,,,4.0,202340,Avery Bradley,1610612738.0,Boston,Celtics,BOS,0,0,,,,,,0,0,,,,,
152,0021300484,169,2,1,2,8:20 PM,4:00,MISS Green 25' 3PT Jump Shot,,,,,4.0,201145,Jeff Green,1610612738.0,Boston,Celtics,BOS,0,0,,,,,,0,0,,,,,
153,0021300484,170,4,0,2,8:21 PM,3:58,,,Roberts REBOUND (Off:0 Def:1),,,5.0,203148,Brian Roberts,1610612740.0,New Orleans,Pelicans,NOP,0,0,,,,,,0,0,,,,,
154,0021300484,171,1,52,2,8:21 PM,3:55,,,Davis  Alley Oop Dunk (8 PTS) (Roberts 3 AST),40 - 34,-6,5.0,203076,Anthony Davis,1610612740.0,New Orleans,Pelicans,NOP,5,203148,Brian Roberts,1610612740.0,New Orleans,Pelicans,NOP,0,0,,,,,
155,0021300484,172,2,1,2,8:21 PM,3:37,MISS Humphries 4' Jump Shot,,Davis BLOCK (2 BLK),,,4.0,2743,Kris Humphries,1610612738.0,Boston,Celtics,BOS,0,0,,,,,,5,203076,Anthony Davis,1610612740.0,New Orleans,Pelicans,NOP
156,0021300484,173,4,0,2,8:21 PM,3:35,Humphries REBOUND (Off:3 Def:0),,,,,4.0,2743,Kris Humphries,1610612738.0,Boston,Celtics,BOS,0,0,,,,,,0,0,,,,,
157,0021300484,174,1,1,2,8:21 PM,3:31,Bradley  3PT Jump Shot (10 PTS) (Humphries 3 AST),,,40 - 37,-3,4.0,202340,Avery Bradley,1610612738.0,Boston,Celtics,BOS,4,2743,Kris Humphries,1610612738.0,Boston,Celtics,BOS,0,0,,,,,
158,0021300484,175,1,42,2,8:21 PM,3:19,,,Evans 1' Driving Layup (10 PTS),42 - 37,-5,5.0,201936,Tyreke Evans,1610612740.0,New Orleans,Pelicans,NOP,0,0,,,,,,0,0,,,,,
159,0021300484,176,2,1,2,8:21 PM,3:04,MISS Crawford 27' 3PT Jump Shot,,,,,4.0,202348,Jordan Crawford,1610612738.0,Boston,Celtics,BOS,0,0,,,,,,0,0,,,,,
160,0021300484,177,4,0,2,8:21 PM,3:02,,,Anderson REBOUND (Off:1 Def:2),,,5.0,201583,Ryan Anderson,1610612740.0,New Orleans,Pelicans,NOP,0,0,,,,,,0,0,,,,,
161,0021300484,178,5,7,2,8:22 PM,2:55,,,Evans Discontinue Dribble Turnover (P1.T6),,,5.0,201936,Tyreke Evans,1610612740.0,New Orleans,Pelicans,NOP,0,0,,,,,,1,0,,,,,
162,0021300484,179,9,1,2,8:22 PM,2:55,,,Pelicans Timeout: Regular (Reg.2 Short 0),,,3.0,1610612740,,,,,,0,0,,,,,,0,0,,,,,
163,0021300484,181,8,0,2,8:24 PM,2:55,,,SUB: Aminu FOR Evans,,,5.0,201936,Tyreke Evans,1610612740.0,New Orleans,Pelicans,NOP,5,202329,Al-Farouq Aminu,1610612740.0,New Orleans,Pelicans,NOP,0,0,,,,,
164,0021300484,182,8,0,2,8:24 PM,2:55,,,SUB: Holiday FOR Roberts,,,5.0,203148,Brian Roberts,1610612740.0,New Orleans,Pelicans,NOP,5,201950,Jrue Holiday,1610612740.0,New Orleans,Pelicans,NOP,0,0,,,,,
165,0021300484,183,2,78,2,8:24 PM,2:35,MISS Bradley 6' Floating Jump Shot,,,,,4.0,202340,Avery Bradley,1610612738.0,Boston,Celtics,BOS,0,0,,,,,,0,0,,,,,
166,0021300484,184,4,0,2,8:24 PM,2:34,Humphries REBOUND (Off:4 Def:0),,,,,4.0,2743,Kris Humphries,1610612738.0,Boston,Celtics,BOS,0,0,,,,,,0,0,,,,,
167,0021300484,185,6,26,2,8:25 PM,2:30,Green Offensive Charge Foul (P2.PN),,,,,4.0,201145,Jeff Green,1610612738.0,Boston,Celtics,BOS,5,201583,Ryan Anderson,1610612740.0,New Orleans,Pelicans,NOP,1,0,,,,,
168,0021300484,186,5,5,2,8:25 PM,2:30,Green Foul Turnover (P2.T6),,,,,4.0,201145,Jeff Green,1610612738.0,Boston,Celtics,BOS,0,0,,,,,,1,0,,,,,
169,0021300484,187,6,1,2,8:25 PM,2:21,Humphries P.FOUL (P1.PN),,,,,4.0,2743,Kris Humphries,1610612738.0,Boston,Celtics,BOS,5,203076,Anthony Davis,1610612740.0,New Orleans,Pelicans,NOP,1,0,,,,,
170,0021300484,188,3,11,2,8:25 PM,2:21,,,MISS Davis Free Throw 1 of 2,,,5.0,203076,Anthony Davis,1610612740.0,New Orleans,Pelicans,NOP,0,0,,,,,,0,0,,,,,
171,0021300484,189,4,1,2,8:25 PM,2:21,,,Pelicans Rebound,,,3.0,1610612740,,,,,,0,0,,,,,,0,0,,,,,
172,0021300484,190,3,12,2,8:26 PM,2:21,,,Davis Free Throw 2 of 2 (9 PTS),43 - 37,-6,5.0,203076,Anthony Davis,1610612740.0,New Orleans,Pelicans,NOP,0,0,,,,,,0,0,,,,,
173,0021300484,192,1,1,2,8:26 PM,2:05,Bass 11' Jump Shot (12 PTS) (Crawford 3 AST),,,43 - 39,-4,4.0,101138,Brandon Bass,1610612738.0,Boston,Celtics,BOS,4,202348,Jordan Crawford,1610612738.0,Boston,Celtics,BOS,0,0,,,,,
174,0021300484,193,6,2,2,8:26 PM,1:47,Bass S.FOUL (P1.PN),,,,,4.0,101138,Brandon Bass,1610612738.0,Boston,Celtics,BOS,5,201583,Ryan Anderson,1610612740.0,New Orleans,Pelicans,NOP,1,0,,,,,
175,0021300484,194,3,11,2,8:27 PM,1:47,,,MISS Anderson Free Throw 1 of 2,,,5.0,201583,Ryan Anderson,1610612740.0,New Orleans,Pelicans,NOP,0,0,,,,,,0,0,,,,,
176,0021300484,195,4,1,2,8:27 PM,1:47,,,Pelicans Rebound,,,3.0,1610612740,,,,,,0,0,,,,,,0,0,,,,,
177,0021300484,196,3,12,2,8:27 PM,1:47,,,Anderson Free Throw 2 of 2 (7 PTS),44 - 39,-5,5.0,201583,Ryan Anderson,1610612740.0,New Orleans,Pelicans,NOP,0,0,,,,,,0,0,,,,,
178,0021300484,198,2,80,2,8:27 PM,1:29,MISS Crawford  3PT Step Back Jump Shot,,,,,4.0,202348,Jordan Crawford,1610612738.0,Boston,Celtics,BOS,0,0,,,,,,0,0,,,,,
179,0021300484,199,4,0,2,8:27 PM,1:28,,,Holiday REBOUND (Off:0 Def:3),,,5.0,201950,Jrue Holiday,1610612740.0,New Orleans,Pelicans,NOP,0,0,,,,,,0,0,,,,,
180,0021300484,200,1,78,2,8:27 PM,1:22,,,Aminu 5' Floating Jump Shot (2 PTS) (Holiday 3 AST),46 - 39,-7,5.0,202329,Al-Farouq Aminu,1610612740.0,New Orleans,Pelicans,NOP,5,201950,Jrue Holiday,1610612740.0,New Orleans,Pelicans,NOP,0,0,,,,,
181,0021300484,201,1,5,2,8:28 PM,1:05,Green 2' Layup (4 PTS) (Crawford 4 AST),,,46 - 41,-5,4.0,201145,Jeff Green,1610612738.0,Boston,Celtics,BOS,4,202348,Jordan Crawford,1610612738.0,Boston,Celtics,BOS,0,0,,,,,
182,0021300484,202,1,1,2,8:28 PM,0:54,,,Anderson 25' 3PT Jump Shot (10 PTS) (Holiday 4 AST),49 - 41,-8,5.0,201583,Ryan Anderson,1610612740.0,New Orleans,Pelicans,NOP,5,201950,Jrue Holiday,1610612740.0,New Orleans,Pelicans,NOP,0,0,,,,,
183,0021300484,203,6,1,2,8:28 PM,0:49,,,Gordon P.FOUL (P1.T3),,,5.0,201569,Eric Gordon,1610612740.0,New Orleans,Pelicans,NOP,4,202348,Jordan Crawford,1610612738.0,Boston,Celtics,BOS,1,0,,,,,
184,0021300484,204,2,42,2,8:29 PM,0:41,MISS Bradley 2' Driving Layup,,,,,4.0,202340,Avery Bradley,1610612738.0,Boston,Celtics,BOS,0,0,,,,,,0,0,,,,,
185,0021300484,205,4,0,2,8:29 PM,0:40,,,Aminu REBOUND (Off:0 Def:5),,,5.0,202329,Al-Farouq Aminu,1610612740.0,New Orleans,Pelicans,NOP,0,0,,,,,,0,0,,,,,
186,0021300484,206,5,7,2,8:29 PM,0:33,,,Holiday Discontinue Dribble Turnover (P2.T7),,,5.0,201950,Jrue Holiday,1610612740.0,New Orleans,Pelicans,NOP,0,0,,,,,,1,0,,,,,
187,0021300484,207,1,1,2,8:29 PM,0:14,Humphries 21' Jump Shot (4 PTS) (Crawford 5 AST),,,49 - 43,-6,4.0,2743,Kris Humphries,1610612738.0,Boston,Celtics,BOS,4,202348,Jordan Crawford,1610612738.0,Boston,Celtics,BOS,0,0,,,,,
188,0021300484,208,2,1,2,8:30 PM,0:01,,,MISS Aminu  3PT Jump Shot,,,5.0,202329,Al-Farouq Aminu,1610612740.0,New Orleans,Pelicans,NOP,0,0,,,,,,0,0,,,,,
189,0021300484,209,4,0,2,8:30 PM,0:00,,,Pelicans Rebound,,,3.0,1610612740,,,,,,0,0,,,,,,0,0,,,,,
190,0021300484,210,13,0,2,8:30 PM,0:00,,,,49 - 43,-6,0.0,0,,,,,,0,0,,,,,,0,0,,,,,
191,0021300484,212,12,0,3,8:46 PM,12:00,,,,49 - 43,-6,0.0,0,,,,,,0,0,,,,,,0,0,,,,,
192,0021300484,213,2,1,3,8:46 PM,11:49,,,MISS Holiday 16' Jump Shot,,,5.0,201950,Jrue Holiday,1610612740.0,New Orleans,Pelicans,NOP,0,0,,,,,,0,0,,,,,
193,0021300484,214,4,0,3,8:46 PM,11:48,Crawford REBOUND (Off:0 Def:3),,,,,4.0,202348,Jordan Crawford,1610612738.0,Boston,Celtics,BOS,0,0,,,,,,0,0,,,,,
194,0021300484,215,2,46,3,8:46 PM,11:26,MISS Crawford 7' Running Jump Shot,,,,,4.0,202348,Jordan Crawford,1610612738.0,Boston,Celtics,BOS,0,0,,,,,,0,0,,,,,
195,0021300484,216,4,0,3,8:46 PM,11:25,,,Davis REBOUND (Off:0 Def:1),,,5.0,203076,Anthony Davis,1610612740.0,New Orleans,Pelicans,NOP,0,0,,,,,,0,0,,,,,
196,0021300484,217,1,8,3,8:46 PM,11:15,,,Davis  Slam Dunk (11 PTS) (Gordon 3 AST),51 - 43,-8,5.0,203076,Anthony Davis,1610612740.0,New Orleans,Pelicans,NOP,5,201569,Eric Gordon,1610612740.0,New Orleans,Pelicans,NOP,0,0,,,,,
197,0021300484,218,2,1,3,8:47 PM,10:52,MISS Crawford 25' 3PT Jump Shot,,,,,4.0,202348,Jordan Crawford,1610612738.0,Boston,Celtics,BOS,0,0,,,,,,0,0,,,,,
198,0021300484,219,4,0,3,8:47 PM,10:50,Bass REBOUND (Off:2 Def:3),,,,,4.0,101138,Brandon Bass,1610612738.0,Boston,Celtics,BOS,0,0,,,,,,0,0,,,,,
199,0021300484,220,1,1,3,8:47 PM,10:45,Bradley  3PT Jump Shot (13 PTS) (Green 2 AST),,,51 - 46,-5,4.0,202340,Avery Bradley,1610612738.0,Boston,Celtics,BOS,4,201145,Jeff Green,1610612738.0,Boston,Celtics,BOS,0,0,,,,,
200,0021300484,221,2,1,3,8:47 PM,10:24,,,MISS Ajinca 17' Jump Shot,,,5.0,201582,Alexis Ajinca,1610612740.0,New Orleans,Pelicans,NOP,0,0,,,,,,0,0,,,,,
201,0021300484,222,4,0,3,8:47 PM,10:22,Bass REBOUND (Off:2 Def:4),,,,,4.0,101138,Brandon Bass,1610612738.0,Boston,Celtics,BOS,0,0,,,,,,0,0,,,,,
202,0021300484,223,6,2,3,8:47 PM,10:18,,,Aminu S.FOUL (P1.T1),,,5.0,202329,Al-Farouq Aminu,1610612740.0,New Orleans,Pelicans,NOP,4,201145,Jeff Green,1610612738.0,Boston,Celtics,BOS,1,0,,,,,
203,0021300484,224,3,11,3,8:48 PM,10:18,Green Free Throw 1 of 2 (5 PTS),,,51 - 47,-4,4.0,201145,Jeff Green,1610612738.0,Boston,Celtics,BOS,0,0,,,,,,0,0,,,,,
204,0021300484,226,3,12,3,8:48 PM,10:18,MISS Green Free Throw 2 of 2,,,,,4.0,201145,Jeff Green,1610612738.0,Boston,Celtics,BOS,0,0,,,,,,0,0,,,,,
205,0021300484,228,4,0,3,8:48 PM,10:17,,,Davis REBOUND (Off:0 Def:2),,,5.0,203076,Anthony Davis,1610612740.0,New Orleans,Pelicans,NOP,0,0,,,,,,0,0,,,,,
206,0021300484,230,1,1,3,8:49 PM,9:55,,,Gordon 13' Jump Shot (4 PTS) (Aminu 1 AST),53 - 47,-6,5.0,201569,Eric Gordon,1610612740.0,New Orleans,Pelicans,NOP,5,202329,Al-Farouq Aminu,1610612740.0,New Orleans,Pelicans,NOP,0,0,,,,,
207,0021300484,231,6,1,3,8:49 PM,9:49,,,Ajinca P.FOUL (P2.T2),,,5.0,201582,Alexis Ajinca,1610612740.0,New Orleans,Pelicans,NOP,4,203096,Jared Sullinger,1610612738.0,Boston,Celtics,BOS,1,0,,,,,
208,0021300484,232,2,5,3,8:49 PM,9:41,MISS Sullinger 2' Layup,,,,,4.0,203096,Jared Sullinger,1610612738.0,Boston,Celtics,BOS,0,0,,,,,,0,0,,,,,
209,0021300484,233,4,0,3,8:49 PM,9:39,Sullinger REBOUND (Off:2 Def:1),,,,,4.0,203096,Jared Sullinger,1610612738.0,Boston,Celtics,BOS,0,0,,,,,,0,0,,,,,
210,0021300484,234,2,5,3,8:49 PM,9:31,MISS Sullinger 2' Layup,,,,,4.0,203096,Jared Sullinger,1610612738.0,Boston,Celtics,BOS,0,0,,,,,,0,0,,,,,
211,0021300484,235,4,0,3,8:49 PM,9:30,,,Aminu REBOUND (Off:0 Def:6),,,5.0,202329,Al-Farouq Aminu,1610612740.0,New Orleans,Pelicans,NOP,0,0,,,,,,0,0,,,,,
212,0021300484,236,6,2,3,8:50 PM,9:25,Crawford S.FOUL (P1.T1),,,,,4.0,202348,Jordan Crawford,1610612738.0,Boston,Celtics,BOS,5,201569,Eric Gordon,1610612740.0,New Orleans,Pelicans,NOP,1,0,,,,,
213,0021300484,237,3,11,3,8:50 PM,9:25,,,Gordon Free Throw 1 of 2 (5 PTS),54 - 47,-7,5.0,201569,Eric Gordon,1610612740.0,New Orleans,Pelicans,NOP,0,0,,,,,,0,0,,,,,
214,0021300484,239,3,12,3,8:50 PM,9:25,,,Gordon Free Throw 2 of 2 (6 PTS),55 - 47,-8,5.0,201569,Eric Gordon,1610612740.0,New Orleans,Pelicans,NOP,0,0,,,,,,0,0,,,,,
215,0021300484,242,2,63,3,8:51 PM,9:01,MISS Crawford 20' Fadeaway Jumper,,,,,4.0,202348,Jordan Crawford,1610612738.0,Boston,Celtics,BOS,0,0,,,,,,0,0,,,,,
216,0021300484,243,4,0,3,8:51 PM,9:00,Bass REBOUND (Off:3 Def:4),,,,,4.0,101138,Brandon Bass,1610612738.0,Boston,Celtics,BOS,0,0,,,,,,0,0,,,,,
217,0021300484,244,6,2,3,8:51 PM,8:54,,,Ajinca S.FOUL (P3.T3),,,5.0,201582,Alexis Ajinca,1610612740.0,New Orleans,Pelicans,NOP,4,202340,Avery Bradley,1610612738.0,Boston,Celtics,BOS,1,0,,,,,
218,0021300484,245,3,11,3,8:52 PM,8:54,Bradley Free Throw 1 of 2 (14 PTS),,,55 - 48,-7,4.0,202340,Avery Bradley,1610612738.0,Boston,Celtics,BOS,0,0,,,,,,0,0,,,,,
219,0021300484,247,3,12,3,8:52 PM,8:54,Bradley Free Throw 2 of 2 (15 PTS),,,55 - 49,-6,4.0,202340,Avery Bradley,1610612738.0,Boston,Celtics,BOS,0,0,,,,,,0,0,,,,,
220,0021300484,249,2,73,3,8:52 PM,8:30,,,MISS Holiday 2' Driving Reverse Layup,,,5.0,201950,Jrue Holiday,1610612740.0,New Orleans,Pelicans,NOP,0,0,,,,,,0,0,,,,,
221,0021300484,250,4,0,3,8:52 PM,8:29,,,Holiday REBOUND (Off:1 Def:3),,,5.0,201950,Jrue Holiday,1610612740.0,New Orleans,Pelicans,NOP,0,0,,,,,,0,0,,,,,
222,0021300484,251,2,5,3,8:52 PM,8:24,,,MISS Gordon 3' Layup,,,5.0,201569,Eric Gordon,1610612740.0,New Orleans,Pelicans,NOP,0,0,,,,,,0,0,,,,,
223,0021300484,252,4,0,3,8:52 PM,8:23,Green REBOUND (Off:0 Def:2),,,,,4.0,201145,Jeff Green,1610612738.0,Boston,Celtics,BOS,0,0,,,,,,0,0,,,,,
224,0021300484,253,2,63,3,8:52 PM,8:15,MISS Crawford 12' Fadeaway Jumper,,,,,4.0,202348,Jordan Crawford,1610612738.0,Boston,Celtics,BOS,0,0,,,,,,0,0,,,,,
225,0021300484,255,4,0,3,8:53 PM,8:13,Bass REBOUND (Off:4 Def:4),,,,,4.0,101138,Brandon Bass,1610612738.0,Boston,Celtics,BOS,0,0,,,,,,0,0,,,,,
226,0021300484,254,2,5,3,8:53 PM,8:13,MISS Bass 2' Layup,,,,,4.0,101138,Brandon Bass,1610612738.0,Boston,Celtics,BOS,0,0,,,,,,0,0,,,,,
227,0021300484,257,4,0,3,8:53 PM,8:11,Sullinger REBOUND (Off:3 Def:1),,,,,4.0,203096,Jared Sullinger,1610612738.0,Boston,Celtics,BOS,0,0,,,,,,0,0,,,,,
228,0021300484,256,1,5,3,8:53 PM,8:11,Sullinger 1' Layup (7 PTS),,,55 - 51,-4,4.0,203096,Jared Sullinger,1610612738.0,Boston,Celtics,BOS,0,0,,,,,,0,0,,,,,
229,0021300484,258,2,63,3,8:53 PM,7:51,,,MISS Ajinca 9' Fadeaway Jumper,,,5.0,201582,Alexis Ajinca,1610612740.0,New Orleans,Pelicans,NOP,0,0,,,,,,0,0,,,,,
230,0021300484,259,4,0,3,8:53 PM,7:50,Bass REBOUND (Off:4 Def:5),,,,,4.0,101138,Brandon Bass,1610612738.0,Boston,Celtics,BOS,0,0,,,,,,0,0,,,,,
231,0021300484,260,6,1,3,8:53 PM,7:47,,,Ajinca P.FOUL (P4.T4),,,5.0,201582,Alexis Ajinca,1610612740.0,New Orleans,Pelicans,NOP,4,203096,Jared Sullinger,1610612738.0,Boston,Celtics,BOS,1,0,,,,,
232,0021300484,261,8,0,3,8:53 PM,7:47,,,SUB: Anderson FOR Ajinca,,,5.0,201582,Alexis Ajinca,1610612740.0,New Orleans,Pelicans,NOP,5,201583,Ryan Anderson,1610612740.0,New Orleans,Pelicans,NOP,0,0,,,,,
233,0021300484,263,5,40,3,8:54 PM,7:36,Sullinger Out of Bounds Lost Ball Turnover (P2.T7),,,,,4.0,203096,Jared Sullinger,1610612738.0,Boston,Celtics,BOS,0,0,,,,,,0,0,,,,,
234,0021300484,264,1,5,3,8:54 PM,7:14,,,Holiday 2' Layup (4 PTS),57 - 51,-6,5.0,201950,Jrue Holiday,1610612740.0,New Orleans,Pelicans,NOP,0,0,,,,,,0,0,,,,,
235,0021300484,265,5,4,3,8:55 PM,6:48,Sullinger Traveling Turnover (P3.T8),,,,,4.0,203096,Jared Sullinger,1610612738.0,Boston,Celtics,BOS,0,0,,,,,,1,0,,,,,
236,0021300484,266,2,1,3,8:55 PM,6:31,,,MISS Aminu 4' Jump Shot,,,5.0,202329,Al-Farouq Aminu,1610612740.0,New Orleans,Pelicans,NOP,0,0,,,,,,0,0,,,,,
237,0021300484,268,4,0,3,8:55 PM,6:30,,,Anderson REBOUND (Off:2 Def:2),,,5.0,201583,Ryan Anderson,1610612740.0,New Orleans,Pelicans,NOP,0,0,,,,,,0,0,,,,,
238,0021300484,267,2,5,3,8:55 PM,6:30,,,MISS Anderson 2' Layup,,,5.0,201583,Ryan Anderson,1610612740.0,New Orleans,Pelicans,NOP,0,0,,,,,,0,0,,,,,
239,0021300484,270,4,0,3,8:55 PM,6:29,,,Anderson REBOUND (Off:3 Def:2),,,5.0,201583,Ryan Anderson,1610612740.0,New Orleans,Pelicans,NOP,0,0,,,,,,0,0,,,,,
240,0021300484,269,2,5,3,8:55 PM,6:29,,,MISS Anderson 1' Layup,,,5.0,201583,Ryan Anderson,1610612740.0,New Orleans,Pelicans,NOP,0,0,,,,,,0,0,,,,,
241,0021300484,271,4,0,3,8:55 PM,6:28,Sullinger REBOUND (Off:3 Def:2),,,,,4.0,203096,Jared Sullinger,1610612738.0,Boston,Celtics,BOS,0,0,,,,,,0,0,,,,,
242,0021300484,272,6,2,3,8:56 PM,6:25,,,Holiday S.FOUL (P1.PN),,,5.0,201950,Jrue Holiday,1610612740.0,New Orleans,Pelicans,NOP,4,201145,Jeff Green,1610612738.0,Boston,Celtics,BOS,1,0,,,,,
243,0021300484,273,3,11,3,8:56 PM,6:25,MISS Green Free Throw 1 of 2,,,,,4.0,201145,Jeff Green,1610612738.0,Boston,Celtics,BOS,0,0,,,,,,0,0,,,,,
244,0021300484,274,4,1,3,8:56 PM,6:25,CELTICS Rebound,,,,,2.0,1610612738,,,,,,0,0,,,,,,0,0,,,,,
245,0021300484,275,3,12,3,8:57 PM,6:25,Green Free Throw 2 of 2 (6 PTS),,,57 - 52,-5,4.0,201145,Jeff Green,1610612738.0,Boston,Celtics,BOS,0,0,,,,,,0,0,,,,,
246,0021300484,278,2,1,3,8:57 PM,6:03,,,MISS Anderson 17' Jump Shot,,,5.0,201583,Ryan Anderson,1610612740.0,New Orleans,Pelicans,NOP,0,0,,,,,,0,0,,,,,
247,0021300484,279,4,0,3,8:57 PM,6:02,Crawford REBOUND (Off:0 Def:4),,,,,4.0,202348,Jordan Crawford,1610612738.0,Boston,Celtics,BOS,0,0,,,,,,0,0,,,,,
248,0021300484,280,1,1,3,8:57 PM,5:47,Bradley 24' 3PT Jump Shot (18 PTS) (Crawford 6 AST),,,57 - 55,-2,4.0,202340,Avery Bradley,1610612738.0,Boston,Celtics,BOS,4,202348,Jordan Crawford,1610612738.0,Boston,Celtics,BOS,0,0,,,,,
249,0021300484,282,9,1,3,8:57 PM,5:42,CELTICS Timeout: Regular (Full 3 Short 0),,,,,2.0,1610612738,,,,,,0,0,,,,,,0,0,,,,,
250,0021300484,284,2,1,3,9:00 PM,5:42,Bradley BLOCK (1 BLK),,MISS Holiday 9' Jump Shot,,,5.0,201950,Jrue Holiday,1610612740.0,New Orleans,Pelicans,NOP,0,0,,,,,,4,202340,Avery Bradley,1610612738.0,Boston,Celtics,BOS
251,0021300484,285,4,0,3,9:00 PM,5:41,Bradley REBOUND (Off:0 Def:4),,,,,4.0,202340,Avery Bradley,1610612738.0,Boston,Celtics,BOS,0,0,,,,,,0,0,,,,,
252,0021300484,286,2,1,3,9:01 PM,5:25,MISS Bradley 8' Jump Shot,,,,,4.0,202340,Avery Bradley,1610612738.0,Boston,Celtics,BOS,0,0,,,,,,0,0,,,,,
253,0021300484,287,4,0,3,9:01 PM,5:24,,,Anderson REBOUND (Off:3 Def:3),,,5.0,201583,Ryan Anderson,1610612740.0,New Orleans,Pelicans,NOP,0,0,,,,,,0,0,,,,,
254,0021300484,288,6,2,3,9:01 PM,5:04,Bass S.FOUL (P2.T2),,,,,4.0,101138,Brandon Bass,1610612738.0,Boston,Celtics,BOS,5,201569,Eric Gordon,1610612740.0,New Orleans,Pelicans,NOP,1,0,,,,,
255,0021300484,289,3,11,3,9:01 PM,5:04,,,Gordon Free Throw 1 of 2 (7 PTS),58 - 55,-3,5.0,201569,Eric Gordon,1610612740.0,New Orleans,Pelicans,NOP,0,0,,,,,,0,0,,,,,
256,0021300484,291,8,0,3,9:01 PM,5:04,,,SUB: Evans FOR Aminu,,,5.0,202329,Al-Farouq Aminu,1610612740.0,New Orleans,Pelicans,NOP,5,201936,Tyreke Evans,1610612740.0,New Orleans,Pelicans,NOP,0,0,,,,,
257,0021300484,292,3,12,3,9:02 PM,5:04,,,Gordon Free Throw 2 of 2 (8 PTS),59 - 55,-4,5.0,201569,Eric Gordon,1610612740.0,New Orleans,Pelicans,NOP,0,0,,,,,,0,0,,,,,
258,0021300484,293,1,5,3,9:02 PM,4:54,Green 1' Layup (8 PTS) (Sullinger 2 AST),,,59 - 57,-2,4.0,201145,Jeff Green,1610612738.0,Boston,Celtics,BOS,4,203096,Jared Sullinger,1610612738.0,Boston,Celtics,BOS,0,0,,,,,
259,0021300484,347,2,45,3,9:02 PM,4:34,,,MISS Gordon 8' Jump Shot,,,5.0,201569,Eric Gordon,1610612740.0,New Orleans,Pelicans,NOP,0,0,,,,,,0,0,,,,,
260,0021300484,350,4,0,3,9:02 PM,4:33,,,Gordon REBOUND (Off:1 Def:2),,,5.0,201569,Eric Gordon,1610612740.0,New Orleans,Pelicans,NOP,0,0,,,,,,0,0,,,,,
261,0021300484,352,2,53,3,9:02 PM,4:32,,,MISS Gordon 2' Tip Shot,,,5.0,201569,Eric Gordon,1610612740.0,New Orleans,Pelicans,NOP,0,0,,,,,,0,0,,,,,
262,0021300484,360,4,0,3,9:02 PM,4:31,,,Davis REBOUND (Off:1 Def:2),,,5.0,203076,Anthony Davis,1610612740.0,New Orleans,Pelicans,NOP,0,0,,,,,,0,0,,,,,
263,0021300484,294,1,5,3,9:03 PM,4:15,,,Anderson  Layup (12 PTS),61 - 57,-4,5.0,201583,Ryan Anderson,1610612740.0,New Orleans,Pelicans,NOP,0,0,,,,,,0,0,,,,,
264,0021300484,295,6,2,3,9:03 PM,4:15,Crawford S.FOUL (P2.T3),,,,,4.0,202348,Jordan Crawford,1610612738.0,Boston,Celtics,BOS,5,201583,Ryan Anderson,1610612740.0,New Orleans,Pelicans,NOP,1,0,,,,,
265,0021300484,296,3,10,3,9:03 PM,4:15,,,Anderson Free Throw 1 of 1 (13 PTS),62 - 57,-5,5.0,201583,Ryan Anderson,1610612740.0,New Orleans,Pelicans,NOP,0,0,,,,,,0,0,,,,,
266,0021300484,298,6,17,3,9:04 PM,3:59,,,Pelicans T.Foul (Def. 3 Sec Holiday ),,,5.0,201950,Jrue Holiday,1610612740.0,New Orleans,Pelicans,NOP,0,0,,,,,,1,0,,,,,
267,0021300484,299,3,16,3,9:04 PM,3:59,Crawford Free Throw Technical (3 PTS),,,62 - 58,-4,4.0,202348,Jordan Crawford,1610612738.0,Boston,Celtics,BOS,0,0,,,,,,0,0,,,,,
268,0021300484,301,8,0,3,9:04 PM,3:59,SUB: Olynyk FOR Sullinger,,,,,4.0,203096,Jared Sullinger,1610612738.0,Boston,Celtics,BOS,4,203482,Kelly Olynyk,1610612738.0,Boston,Celtics,BOS,0,0,,,,,
269,0021300484,302,1,1,3,9:05 PM,3:44,Green 26' 3PT Jump Shot (11 PTS) (Crawford 7 AST),,,62 - 61,-1,4.0,201145,Jeff Green,1610612738.0,Boston,Celtics,BOS,4,202348,Jordan Crawford,1610612738.0,Boston,Celtics,BOS,0,0,,,,,
270,0021300484,303,2,1,3,9:05 PM,3:34,,,MISS Anderson 25' 3PT Jump Shot,,,5.0,201583,Ryan Anderson,1610612740.0,New Orleans,Pelicans,NOP,0,0,,,,,,0,0,,,,,
271,0021300484,304,4,0,3,9:05 PM,3:33,Olynyk REBOUND (Off:0 Def:1),,,,,4.0,203482,Kelly Olynyk,1610612738.0,Boston,Celtics,BOS,0,0,,,,,,0,0,,,,,
272,0021300484,305,2,46,3,9:05 PM,3:24,MISS Olynyk 6' Running Jump Shot,,,,,4.0,203482,Kelly Olynyk,1610612738.0,Boston,Celtics,BOS,0,0,,,,,,0,0,,,,,
273,0021300484,306,4,0,3,9:05 PM,3:23,Bass REBOUND (Off:5 Def:5),,,,,4.0,101138,Brandon Bass,1610612738.0,Boston,Celtics,BOS,0,0,,,,,,0,0,,,,,
274,0021300484,307,1,5,3,9:05 PM,3:20,Bass 1' Layup (14 PTS),,,62 - 63,1,4.0,101138,Brandon Bass,1610612738.0,Boston,Celtics,BOS,0,0,,,,,,0,0,,,,,
275,0021300484,308,5,2,3,9:05 PM,3:04,Bradley STEAL (1 STL),,Evans Lost Ball Turnover (P2.T8),,,5.0,201936,Tyreke Evans,1610612740.0,New Orleans,Pelicans,NOP,4,202340,Avery Bradley,1610612738.0,Boston,Celtics,BOS,0,0,,,,,
276,0021300484,309,6,2,3,9:05 PM,3:00,,,Anderson S.FOUL (P1.PN),,,5.0,201583,Ryan Anderson,1610612740.0,New Orleans,Pelicans,NOP,4,202340,Avery Bradley,1610612738.0,Boston,Celtics,BOS,1,0,,,,,
277,0021300484,310,3,11,3,9:06 PM,3:00,Bradley Free Throw 1 of 2 (19 PTS),,,62 - 64,2,4.0,202340,Avery Bradley,1610612738.0,Boston,Celtics,BOS,0,0,,,,,,0,0,,,,,
278,0021300484,312,3,12,3,9:06 PM,3:00,Bradley Free Throw 2 of 2 (20 PTS),,,62 - 65,3,4.0,202340,Avery Bradley,1610612738.0,Boston,Celtics,BOS,0,0,,,,,,0,0,,,,,
279,0021300484,314,1,1,3,9:06 PM,2:40,,,Davis 18' Jump Shot (13 PTS) (Holiday 5 AST),64 - 65,1,5.0,203076,Anthony Davis,1610612740.0,New Orleans,Pelicans,NOP,5,201950,Jrue Holiday,1610612740.0,New Orleans,Pelicans,NOP,0,0,,,,,
280,0021300484,315,1,5,3,9:07 PM,2:24,Bradley  Layup (22 PTS) (Crawford 8 AST),,,64 - 67,3,4.0,202340,Avery Bradley,1610612738.0,Boston,Celtics,BOS,4,202348,Jordan Crawford,1610612738.0,Boston,Celtics,BOS,0,0,,,,,
281,0021300484,316,5,40,3,9:07 PM,2:14,,,Holiday Out of Bounds Lost Ball Turnover (P3.T9),,,5.0,201950,Jrue Holiday,1610612740.0,New Orleans,Pelicans,NOP,0,0,,,,,,0,0,,,,,
282,0021300484,353,8,0,3,9:07 PM,2:14,SUB: Wallace FOR Green,,,,,4.0,201145,Jeff Green,1610612738.0,Boston,Celtics,BOS,4,2222,Gerald Wallace,1610612738.0,Boston,Celtics,BOS,0,0,,,,,
283,0021300484,317,9,1,3,9:07 PM,2:14,,,Pelicans Timeout: Regular (Reg.3 Short 0),,,3.0,1610612740,,,,,,0,0,,,,,,0,0,,,,,
284,0021300484,320,6,1,3,9:10 PM,1:59,,,Evans P.FOUL (P2.PN),,,5.0,201936,Tyreke Evans,1610612740.0,New Orleans,Pelicans,NOP,4,203482,Kelly Olynyk,1610612738.0,Boston,Celtics,BOS,1,0,,,,,
285,0021300484,321,3,11,3,9:10 PM,1:59,MISS Olynyk Free Throw 1 of 2,,,,,4.0,203482,Kelly Olynyk,1610612738.0,Boston,Celtics,BOS,0,0,,,,,,0,0,,,,,
286,0021300484,322,4,1,3,9:10 PM,1:59,CELTICS Rebound,,,,,2.0,1610612738,,,,,,0,0,,,,,,0,0,,,,,
287,0021300484,323,3,12,3,9:10 PM,1:59,Olynyk Free Throw 2 of 2 (1 PTS),,,64 - 68,4,4.0,203482,Kelly Olynyk,1610612738.0,Boston,Celtics,BOS,0,0,,,,,,0,0,,,,,
288,0021300484,325,6,1,3,9:11 PM,1:52,Olynyk P.FOUL (P2.T4),,,,,4.0,203482,Kelly Olynyk,1610612738.0,Boston,Celtics,BOS,5,203076,Anthony Davis,1610612740.0,New Orleans,Pelicans,NOP,1,0,,,,,
289,0021300484,326,6,2,3,9:11 PM,1:49,Olynyk S.FOUL (P3.PN),,,,,4.0,203482,Kelly Olynyk,1610612738.0,Boston,Celtics,BOS,5,201569,Eric Gordon,1610612740.0,New Orleans,Pelicans,NOP,1,0,,,,,
290,0021300484,327,3,11,3,9:11 PM,1:49,,,Gordon Free Throw 1 of 2 (9 PTS),65 - 68,3,5.0,201569,Eric Gordon,1610612740.0,New Orleans,Pelicans,NOP,0,0,,,,,,0,0,,,,,
291,0021300484,329,8,0,3,9:11 PM,1:49,,,SUB: Stiemsma FOR Davis,,,5.0,203076,Anthony Davis,1610612740.0,New Orleans,Pelicans,NOP,5,201880,Greg Stiemsma,1610612740.0,New Orleans,Pelicans,NOP,0,0,,,,,
292,0021300484,330,3,12,3,9:12 PM,1:49,,,Gordon Free Throw 2 of 2 (10 PTS),66 - 68,2,5.0,201569,Eric Gordon,1610612740.0,New Orleans,Pelicans,NOP,0,0,,,,,,0,0,,,,,
293,0021300484,332,6,1,3,9:12 PM,1:34,,,Anderson P.FOUL (P2.PN),,,5.0,201583,Ryan Anderson,1610612740.0,New Orleans,Pelicans,NOP,4,203482,Kelly Olynyk,1610612738.0,Boston,Celtics,BOS,1,0,,,,,
294,0021300484,333,3,11,3,9:12 PM,1:34,Olynyk Free Throw 1 of 2 (2 PTS),,,66 - 69,3,4.0,203482,Kelly Olynyk,1610612738.0,Boston,Celtics,BOS,0,0,,,,,,0,0,,,,,
295,0021300484,335,8,0,3,9:12 PM,1:34,,,SUB: Miller FOR Gordon,,,5.0,201569,Eric Gordon,1610612740.0,New Orleans,Pelicans,NOP,5,203121,Darius Miller,1610612740.0,New Orleans,Pelicans,NOP,0,0,,,,,
296,0021300484,336,8,0,3,9:12 PM,1:34,,,SUB: Roberts FOR Holiday,,,5.0,201950,Jrue Holiday,1610612740.0,New Orleans,Pelicans,NOP,5,203148,Brian Roberts,1610612740.0,New Orleans,Pelicans,NOP,0,0,,,,,
297,0021300484,337,3,12,3,9:12 PM,1:34,Olynyk Free Throw 2 of 2 (3 PTS),,,66 - 70,4,4.0,203482,Kelly Olynyk,1610612738.0,Boston,Celtics,BOS,0,0,,,,,,0,0,,,,,
298,0021300484,339,1,5,3,9:13 PM,1:16,,,Stiemsma 1' Layup (10 PTS) (Roberts 4 AST),68 - 70,2,5.0,201880,Greg Stiemsma,1610612740.0,New Orleans,Pelicans,NOP,5,203148,Brian Roberts,1610612740.0,New Orleans,Pelicans,NOP,0,0,,,,,
299,0021300484,340,5,2,3,9:13 PM,0:56,Olynyk Lost Ball Turnover (P1.T9),,Evans STEAL (1 STL),,,4.0,203482,Kelly Olynyk,1610612738.0,Boston,Celtics,BOS,5,201936,Tyreke Evans,1610612740.0,New Orleans,Pelicans,NOP,0,0,,,,,
300,0021300484,341,1,1,3,9:13 PM,0:50,,,Roberts 25' 3PT Jump Shot (9 PTS) (Evans 5 AST),71 - 70,-1,5.0,203148,Brian Roberts,1610612740.0,New Orleans,Pelicans,NOP,5,201936,Tyreke Evans,1610612740.0,New Orleans,Pelicans,NOP,0,0,,,,,
301,0021300484,342,2,5,3,9:14 PM,0:48,MISS Crawford 3' Layup,,,,,4.0,202348,Jordan Crawford,1610612738.0,Boston,Celtics,BOS,0,0,,,,,,0,0,,,,,
302,0021300484,343,4,0,3,9:14 PM,0:47,,,Stiemsma REBOUND (Off:0 Def:1),,,5.0,201880,Greg Stiemsma,1610612740.0,New Orleans,Pelicans,NOP,0,0,,,,,,0,0,,,,,
303,0021300484,344,5,4,3,9:14 PM,0:37,,,Evans Traveling Turnover (P3.T10),,,5.0,201936,Tyreke Evans,1610612740.0,New Orleans,Pelicans,NOP,0,0,,,,,,1,0,,,,,
304,0021300484,345,8,0,3,9:14 PM,0:37,SUB: Lee FOR Bradley,,,,,4.0,202340,Avery Bradley,1610612738.0,Boston,Celtics,BOS,4,201584,Courtney Lee,1610612738.0,Boston,Celtics,BOS,0,0,,,,,
305,0021300484,346,8,0,3,9:14 PM,0:37,SUB: Sullinger FOR Bass,,,,,4.0,101138,Brandon Bass,1610612738.0,Boston,Celtics,BOS,4,203096,Jared Sullinger,1610612738.0,Boston,Celtics,BOS,0,0,,,,,
306,0021300484,348,2,1,3,9:15 PM,0:30,MISS Sullinger 25' 3PT Jump Shot,,,,,4.0,203096,Jared Sullinger,1610612738.0,Boston,Celtics,BOS,0,0,,,,,,0,0,,,,,
307,0021300484,349,4,0,3,9:15 PM,0:29,Lee REBOUND (Off:1 Def:1),,,,,4.0,201584,Courtney Lee,1610612738.0,Boston,Celtics,BOS,0,0,,,,,,0,0,,,,,
308,0021300484,351,1,5,3,9:15 PM,0:07,Wallace  Layup (5 PTS) (Crawford 9 AST),,,71 - 72,1,4.0,2222,Gerald Wallace,1610612738.0,Boston,Celtics,BOS,4,202348,Jordan Crawford,1610612738.0,Boston,Celtics,BOS,0,0,,,,,
309,0021300484,354,1,5,3,9:15 PM,0:01,,,Stiemsma 1' Layup (12 PTS) (Roberts 5 AST),73 - 72,-1,5.0,201880,Greg Stiemsma,1610612740.0,New Orleans,Pelicans,NOP,5,203148,Brian Roberts,1610612740.0,New Orleans,Pelicans,NOP,0,0,,,,,
310,0021300484,355,2,1,3,9:15 PM,0:00,MISS Sullinger 55' 3PT Jump Shot,,,,,4.0,203096,Jared Sullinger,1610612738.0,Boston,Celtics,BOS,0,0,,,,,,0,0,,,,,
311,0021300484,357,4,0,3,9:15 PM,0:00,CELTICS Rebound,,,,,2.0,1610612738,,,,,,0,0,,,,,,0,0,,,,,
312,0021300484,358,13,0,3,9:15 PM,0:00,,,,73 - 72,-1,0.0,0,,,,,,0,0,,,,,,0,0,,,,,
313,0021300484,362,12,0,4,9:18 PM,12:00,,,,73 - 72,-1,0.0,0,,,,,,0,0,,,,,,0,0,,,,,
314,0021300484,363,2,1,4,9:18 PM,11:45,MISS Lee  3PT Jump Shot,,,,,4.0,201584,Courtney Lee,1610612738.0,Boston,Celtics,BOS,0,0,,,,,,0,0,,,,,
315,0021300484,364,4,0,4,9:18 PM,11:44,,,Pelicans Rebound,,,3.0,1610612740,,,,,,0,0,,,,,,0,0,,,,,
316,0021300484,365,2,1,4,9:19 PM,11:32,,,MISS Roberts 22' Jump Shot,,,5.0,203148,Brian Roberts,1610612740.0,New Orleans,Pelicans,NOP,0,0,,,,,,0,0,,,,,
317,0021300484,366,4,0,4,9:19 PM,11:31,Humphries REBOUND (Off:4 Def:1),,,,,4.0,2743,Kris Humphries,1610612738.0,Boston,Celtics,BOS,0,0,,,,,,0,0,,,,,
318,0021300484,368,6,2,4,9:19 PM,11:19,,,Stiemsma S.FOUL (P1.T1),,,5.0,201880,Greg Stiemsma,1610612740.0,New Orleans,Pelicans,NOP,4,2743,Kris Humphries,1610612738.0,Boston,Celtics,BOS,1,0,,,,,
319,0021300484,370,3,11,4,9:19 PM,11:19,Humphries Free Throw 1 of 2 (5 PTS),,,73 - 73,TIE,4.0,2743,Kris Humphries,1610612738.0,Boston,Celtics,BOS,0,0,,,,,,0,0,,,,,
320,0021300484,372,3,12,4,9:19 PM,11:19,MISS Humphries Free Throw 2 of 2,,,,,4.0,2743,Kris Humphries,1610612738.0,Boston,Celtics,BOS,0,0,,,,,,0,0,,,,,
321,0021300484,374,4,0,4,9:19 PM,11:19,,,Anderson REBOUND (Off:3 Def:4),,,5.0,201583,Ryan Anderson,1610612740.0,New Orleans,Pelicans,NOP,0,0,,,,,,0,0,,,,,
322,0021300484,375,5,2,4,9:19 PM,11:12,Pressey STEAL (1 STL),,Roberts Lost Ball Turnover (P2.T11),,,5.0,203148,Brian Roberts,1610612740.0,New Orleans,Pelicans,NOP,4,203515,Phil Pressey,1610612738.0,Boston,Celtics,BOS,0,0,,,,,
323,0021300484,376,1,5,4,9:20 PM,11:09,Pressey 1' Layup (2 PTS),,,73 - 75,2,4.0,203515,Phil Pressey,1610612738.0,Boston,Celtics,BOS,0,0,,,,,,0,0,,,,,
324,0021300484,377,6,1,4,9:20 PM,11:02,Wallace P.FOUL (P1.T1),,,,,4.0,2222,Gerald Wallace,1610612738.0,Boston,Celtics,BOS,5,201583,Ryan Anderson,1610612740.0,New Orleans,Pelicans,NOP,1,0,,,,,
325,0021300484,378,9,1,4,9:20 PM,11:02,,,Pelicans Timeout: Regular (Reg.4 Short 0),,,3.0,1610612740,,,,,,0,0,,,,,,0,0,,,,,
326,0021300484,383,8,0,4,9:29 PM,11:02,,,SUB: Davis FOR Anderson,,,5.0,201583,Ryan Anderson,1610612740.0,New Orleans,Pelicans,NOP,5,203076,Anthony Davis,1610612740.0,New Orleans,Pelicans,NOP,0,0,,,,,
327,0021300484,387,6,1,4,9:31 PM,10:49,Lee P.FOUL (P2.T2),,,,,4.0,201584,Courtney Lee,1610612738.0,Boston,Celtics,BOS,5,201936,Tyreke Evans,1610612740.0,New Orleans,Pelicans,NOP,1,0,,,,,
328,0021300484,389,2,46,4,9:31 PM,10:43,,,MISS Roberts 12' Running Jump Shot,,,5.0,203148,Brian Roberts,1610612740.0,New Orleans,Pelicans,NOP,0,0,,,,,,0,0,,,,,
329,0021300484,390,4,0,4,9:31 PM,10:43,Wallace REBOUND (Off:0 Def:1),,,,,4.0,2222,Gerald Wallace,1610612738.0,Boston,Celtics,BOS,0,0,,,,,,0,0,,,,,
330,0021300484,392,2,1,4,9:32 PM,10:20,MISS Humphries 19' Jump Shot,,,,,4.0,2743,Kris Humphries,1610612738.0,Boston,Celtics,BOS,0,0,,,,,,0,0,,,,,
331,0021300484,393,4,0,4,9:32 PM,10:19,,,Evans REBOUND (Off:2 Def:4),,,5.0,201936,Tyreke Evans,1610612740.0,New Orleans,Pelicans,NOP,0,0,,,,,,0,0,,,,,
332,0021300484,394,6,2,4,9:32 PM,10:03,Sullinger S.FOUL (P4.T3),,,,,4.0,203096,Jared Sullinger,1610612738.0,Boston,Celtics,BOS,5,203076,Anthony Davis,1610612740.0,New Orleans,Pelicans,NOP,1,0,,,,,
333,0021300484,395,3,11,4,9:32 PM,10:03,,,MISS Davis Free Throw 1 of 2,,,5.0,203076,Anthony Davis,1610612740.0,New Orleans,Pelicans,NOP,0,0,,,,,,0,0,,,,,
334,0021300484,396,4,1,4,9:32 PM,10:03,,,Pelicans Rebound,,,3.0,1610612740,,,,,,0,0,,,,,,0,0,,,,,
335,0021300484,397,8,0,4,9:32 PM,10:03,,,SUB: Holiday FOR Roberts,,,5.0,203148,Brian Roberts,1610612740.0,New Orleans,Pelicans,NOP,5,201950,Jrue Holiday,1610612740.0,New Orleans,Pelicans,NOP,0,0,,,,,
336,0021300484,398,3,12,4,9:33 PM,10:03,,,Davis Free Throw 2 of 2 (14 PTS),74 - 75,1,5.0,203076,Anthony Davis,1610612740.0,New Orleans,Pelicans,NOP,0,0,,,,,,0,0,,,,,
337,0021300484,400,2,1,4,9:33 PM,9:52,MISS Lee 19' Jump Shot,,,,,4.0,201584,Courtney Lee,1610612738.0,Boston,Celtics,BOS,0,0,,,,,,0,0,,,,,
338,0021300484,402,4,0,4,9:33 PM,9:51,Sullinger REBOUND (Off:4 Def:2),,,,,4.0,203096,Jared Sullinger,1610612738.0,Boston,Celtics,BOS,0,0,,,,,,0,0,,,,,
339,0021300484,452,2,53,4,9:33 PM,9:50,MISS Sullinger 2' Tip Shot,,,,,4.0,203096,Jared Sullinger,1610612738.0,Boston,Celtics,BOS,0,0,,,,,,0,0,,,,,
340,0021300484,457,4,0,4,9:33 PM,9:49,Sullinger REBOUND (Off:5 Def:2),,,,,4.0,203096,Jared Sullinger,1610612738.0,Boston,Celtics,BOS,0,0,,,,,,0,0,,,,,
341,0021300484,403,2,5,4,9:33 PM,9:48,MISS Sullinger 1' Layup,,,,,4.0,203096,Jared Sullinger,1610612738.0,Boston,Celtics,BOS,0,0,,,,,,0,0,,,,,
342,0021300484,405,4,0,4,9:33 PM,9:47,,,Davis REBOUND (Off:1 Def:3),,,5.0,203076,Anthony Davis,1610612740.0,New Orleans,Pelicans,NOP,0,0,,,,,,0,0,,,,,
343,0021300484,407,5,1,4,9:33 PM,9:30,,,Evans Bad Pass Turnover (P4.T12),,,5.0,201936,Tyreke Evans,1610612740.0,New Orleans,Pelicans,NOP,0,0,,,,,,0,0,,,,,
344,0021300484,408,2,1,4,9:34 PM,9:14,MISS Sullinger 10' Jump Shot,,,,,4.0,203096,Jared Sullinger,1610612738.0,Boston,Celtics,BOS,0,0,,,,,,0,0,,,,,
345,0021300484,409,4,0,4,9:34 PM,9:13,Sullinger REBOUND (Off:6 Def:2),,,,,4.0,203096,Jared Sullinger,1610612738.0,Boston,Celtics,BOS,0,0,,,,,,0,0,,,,,
346,0021300484,410,2,4,4,9:34 PM,9:10,MISS Sullinger 5' Tip Shot,,,,,4.0,203096,Jared Sullinger,1610612738.0,Boston,Celtics,BOS,0,0,,,,,,0,0,,,,,
347,0021300484,429,4,0,4,9:34 PM,9:09,Humphries REBOUND (Off:5 Def:1),,,,,4.0,2743,Kris Humphries,1610612738.0,Boston,Celtics,BOS,0,0,,,,,,0,0,,,,,
348,0021300484,431,2,72,4,9:34 PM,9:08,MISS Humphries 2' Putback Layup,,,,,4.0,2743,Kris Humphries,1610612738.0,Boston,Celtics,BOS,0,0,,,,,,0,0,,,,,
349,0021300484,411,4,0,4,9:34 PM,9:07,,,Stiemsma REBOUND (Off:0 Def:2),,,5.0,201880,Greg Stiemsma,1610612740.0,New Orleans,Pelicans,NOP,0,0,,,,,,0,0,,,,,
350,0021300484,412,2,5,4,9:34 PM,9:00,,,MISS Evans 1' Layup,,,5.0,201936,Tyreke Evans,1610612740.0,New Orleans,Pelicans,NOP,0,0,,,,,,0,0,,,,,
351,0021300484,414,4,0,4,9:34 PM,8:58,,,Davis REBOUND (Off:2 Def:3),,,5.0,203076,Anthony Davis,1610612740.0,New Orleans,Pelicans,NOP,0,0,,,,,,0,0,,,,,
352,0021300484,413,1,5,4,9:34 PM,8:58,,,Davis 2' Layup (16 PTS),76 - 75,-1,5.0,203076,Anthony Davis,1610612740.0,New Orleans,Pelicans,NOP,0,0,,,,,,0,0,,,,,
353,0021300484,415,2,1,4,9:34 PM,8:45,MISS Pressey 10' Jump Shot,,,,,4.0,203515,Phil Pressey,1610612738.0,Boston,Celtics,BOS,0,0,,,,,,0,0,,,,,
354,0021300484,416,4,0,4,9:34 PM,8:44,,,Stiemsma REBOUND (Off:0 Def:3),,,5.0,201880,Greg Stiemsma,1610612740.0,New Orleans,Pelicans,NOP,0,0,,,,,,0,0,,,,,
355,0021300484,418,8,0,4,9:34 PM,8:32,SUB: Bradley FOR Lee,,,,,4.0,201584,Courtney Lee,1610612738.0,Boston,Celtics,BOS,4,202340,Avery Bradley,1610612738.0,Boston,Celtics,BOS,0,0,,,,,
356,0021300484,419,8,0,4,9:35 PM,8:32,SUB: Crawford FOR Pressey,,,,,4.0,203515,Phil Pressey,1610612738.0,Boston,Celtics,BOS,4,202348,Jordan Crawford,1610612738.0,Boston,Celtics,BOS,0,0,,,,,
357,0021300484,420,6,2,4,9:35 PM,8:26,Humphries S.FOUL (P2.T4),,,,,4.0,2743,Kris Humphries,1610612738.0,Boston,Celtics,BOS,5,203076,Anthony Davis,1610612740.0,New Orleans,Pelicans,NOP,1,0,,,,,
358,0021300484,421,3,11,4,9:35 PM,8:26,,,Davis Free Throw 1 of 2 (17 PTS),77 - 75,-2,5.0,203076,Anthony Davis,1610612740.0,New Orleans,Pelicans,NOP,0,0,,,,,,0,0,,,,,
359,0021300484,423,8,0,4,9:35 PM,8:26,,,SUB: Aminu FOR Miller,,,5.0,203121,Darius Miller,1610612740.0,New Orleans,Pelicans,NOP,5,202329,Al-Farouq Aminu,1610612740.0,New Orleans,Pelicans,NOP,0,0,,,,,
360,0021300484,424,3,12,4,9:36 PM,8:26,,,Davis Free Throw 2 of 2 (18 PTS),78 - 75,-3,5.0,203076,Anthony Davis,1610612740.0,New Orleans,Pelicans,NOP,0,0,,,,,,0,0,,,,,
361,0021300484,426,6,2,4,9:36 PM,8:18,,,Stiemsma S.FOUL (P2.T2),,,5.0,201880,Greg Stiemsma,1610612740.0,New Orleans,Pelicans,NOP,4,203096,Jared Sullinger,1610612738.0,Boston,Celtics,BOS,1,0,,,,,
362,0021300484,427,3,11,4,9:36 PM,8:18,Sullinger Free Throw 1 of 2 (8 PTS),,,78 - 76,-2,4.0,203096,Jared Sullinger,1610612738.0,Boston,Celtics,BOS,0,0,,,,,,0,0,,,,,
363,0021300484,430,3,12,4,9:36 PM,8:18,Sullinger Free Throw 2 of 2 (9 PTS),,,78 - 77,-1,4.0,203096,Jared Sullinger,1610612738.0,Boston,Celtics,BOS,0,0,,,,,,0,0,,,,,
364,0021300484,433,1,1,4,9:37 PM,8:02,,,Aminu 16' Jump Shot (4 PTS) (Evans 6 AST),80 - 77,-3,5.0,202329,Al-Farouq Aminu,1610612740.0,New Orleans,Pelicans,NOP,5,201936,Tyreke Evans,1610612740.0,New Orleans,Pelicans,NOP,0,0,,,,,
365,0021300484,435,2,1,4,9:37 PM,7:48,MISS Crawford 27' 3PT Jump Shot,,,,,4.0,202348,Jordan Crawford,1610612738.0,Boston,Celtics,BOS,0,0,,,,,,0,0,,,,,
366,0021300484,436,4,0,4,9:37 PM,7:47,Sullinger REBOUND (Off:7 Def:2),,,,,4.0,203096,Jared Sullinger,1610612738.0,Boston,Celtics,BOS,0,0,,,,,,0,0,,,,,
367,0021300484,437,6,2,4,9:37 PM,7:45,,,Stiemsma S.FOUL (P3.T3),,,5.0,201880,Greg Stiemsma,1610612740.0,New Orleans,Pelicans,NOP,4,203096,Jared Sullinger,1610612738.0,Boston,Celtics,BOS,1,0,,,,,
368,0021300484,438,3,11,4,9:38 PM,7:45,Sullinger Free Throw 1 of 2 (10 PTS),,,80 - 78,-2,4.0,203096,Jared Sullinger,1610612738.0,Boston,Celtics,BOS,0,0,,,,,,0,0,,,,,
369,0021300484,441,8,0,4,9:38 PM,7:45,SUB: Green FOR Wallace,,,,,4.0,2222,Gerald Wallace,1610612738.0,Boston,Celtics,BOS,4,201145,Jeff Green,1610612738.0,Boston,Celtics,BOS,0,0,,,,,
370,0021300484,442,3,12,4,9:38 PM,7:45,Sullinger Free Throw 2 of 2 (11 PTS),,,80 - 79,-1,4.0,203096,Jared Sullinger,1610612738.0,Boston,Celtics,BOS,0,0,,,,,,0,0,,,,,
371,0021300484,444,2,1,4,9:38 PM,7:28,,,MISS Holiday 25' 3PT Jump Shot,,,5.0,201950,Jrue Holiday,1610612740.0,New Orleans,Pelicans,NOP,0,0,,,,,,0,0,,,,,
372,0021300484,445,4,0,4,9:38 PM,7:27,Humphries REBOUND (Off:5 Def:2),,,,,4.0,2743,Kris Humphries,1610612738.0,Boston,Celtics,BOS,0,0,,,,,,0,0,,,,,
373,0021300484,446,2,1,4,9:39 PM,7:04,MISS Green 27' 3PT Jump Shot,,,,,4.0,201145,Jeff Green,1610612738.0,Boston,Celtics,BOS,0,0,,,,,,0,0,,,,,
374,0021300484,447,4,0,4,9:39 PM,7:03,,,Evans REBOUND (Off:2 Def:5),,,5.0,201936,Tyreke Evans,1610612740.0,New Orleans,Pelicans,NOP,0,0,,,,,,0,0,,,,,
375,0021300484,448,2,1,4,9:39 PM,6:44,,,MISS Holiday 18' Jump Shot,,,5.0,201950,Jrue Holiday,1610612740.0,New Orleans,Pelicans,NOP,0,0,,,,,,0,0,,,,,
376,0021300484,449,4,0,4,9:39 PM,6:43,Humphries REBOUND (Off:5 Def:3),,,,,4.0,2743,Kris Humphries,1610612738.0,Boston,Celtics,BOS,0,0,,,,,,0,0,,,,,
377,0021300484,450,6,2,4,9:39 PM,6:31,,,Stiemsma S.FOUL (P4.T4),,,5.0,201880,Greg Stiemsma,1610612740.0,New Orleans,Pelicans,NOP,4,203096,Jared Sullinger,1610612738.0,Boston,Celtics,BOS,1,0,,,,,
378,0021300484,451,3,11,4,9:40 PM,6:31,Sullinger Free Throw 1 of 2 (12 PTS),,,80 - 80,TIE,4.0,203096,Jared Sullinger,1610612738.0,Boston,Celtics,BOS,0,0,,,,,,0,0,,,,,
379,0021300484,454,8,0,4,9:40 PM,6:31,,,SUB: Gordon FOR Aminu,,,5.0,202329,Al-Farouq Aminu,1610612740.0,New Orleans,Pelicans,NOP,5,201569,Eric Gordon,1610612740.0,New Orleans,Pelicans,NOP,0,0,,,,,
380,0021300484,456,3,12,4,9:40 PM,6:31,Sullinger Free Throw 2 of 2 (13 PTS),,,80 - 81,1,4.0,203096,Jared Sullinger,1610612738.0,Boston,Celtics,BOS,0,0,,,,,,0,0,,,,,
381,0021300484,459,1,56,4,9:41 PM,6:06,,,Evans 3' Running Hook Shot (12 PTS),82 - 81,-1,5.0,201936,Tyreke Evans,1610612740.0,New Orleans,Pelicans,NOP,0,0,,,,,,0,0,,,,,
382,0021300484,460,2,80,4,9:41 PM,5:49,MISS Crawford 18' Step Back Jump Shot,,,,,4.0,202348,Jordan Crawford,1610612738.0,Boston,Celtics,BOS,0,0,,,,,,0,0,,,,,
383,0021300484,461,4,0,4,9:41 PM,5:48,,,Gordon REBOUND (Off:1 Def:3),,,5.0,201569,Eric Gordon,1610612740.0,New Orleans,Pelicans,NOP,0,0,,,,,,0,0,,,,,
384,0021300484,462,6,1,4,9:41 PM,5:40,Humphries P.FOUL (P3.PN),,,,,4.0,2743,Kris Humphries,1610612738.0,Boston,Celtics,BOS,5,203076,Anthony Davis,1610612740.0,New Orleans,Pelicans,NOP,1,0,,,,,
385,0021300484,464,9,4,4,9:41 PM,5:40,,,,,,1.0,0,,,,,,0,0,,,,,,0,0,,,,,
386,0021300484,467,8,0,4,9:43 PM,5:40,SUB: Bass FOR Sullinger,,,,,4.0,203096,Jared Sullinger,1610612738.0,Boston,Celtics,BOS,4,101138,Brandon Bass,1610612738.0,Boston,Celtics,BOS,0,0,,,,,
387,0021300484,468,8,0,4,9:44 PM,5:40,,,SUB: Aminu FOR Stiemsma,,,5.0,201880,Greg Stiemsma,1610612740.0,New Orleans,Pelicans,NOP,5,202329,Al-Farouq Aminu,1610612740.0,New Orleans,Pelicans,NOP,0,0,,,,,
388,0021300484,469,3,11,4,9:44 PM,5:40,,,Davis Free Throw 1 of 2 (19 PTS),83 - 81,-2,5.0,203076,Anthony Davis,1610612740.0,New Orleans,Pelicans,NOP,0,0,,,,,,0,0,,,,,
389,0021300484,471,3,12,4,9:44 PM,5:40,,,MISS Davis Free Throw 2 of 2,,,5.0,203076,Anthony Davis,1610612740.0,New Orleans,Pelicans,NOP,0,0,,,,,,0,0,,,,,
390,0021300484,473,4,0,4,9:44 PM,5:40,Humphries REBOUND (Off:5 Def:4),,,,,4.0,2743,Kris Humphries,1610612738.0,Boston,Celtics,BOS,0,0,,,,,,0,0,,,,,
391,0021300484,474,1,1,4,9:44 PM,5:24,Bass 17' Jump Shot (16 PTS) (Crawford 10 AST),,,83 - 83,TIE,4.0,101138,Brandon Bass,1610612738.0,Boston,Celtics,BOS,4,202348,Jordan Crawford,1610612738.0,Boston,Celtics,BOS,0,0,,,,,
392,0021300484,475,5,40,4,9:45 PM,5:08,,,Holiday Out of Bounds Lost Ball Turnover (P4.T13),,,5.0,201950,Jrue Holiday,1610612740.0,New Orleans,Pelicans,NOP,0,0,,,,,,0,0,,,,,
393,0021300484,476,1,1,4,9:45 PM,4:56,Green 26' 3PT Jump Shot (14 PTS) (Crawford 11 AST),,,83 - 86,3,4.0,201145,Jeff Green,1610612738.0,Boston,Celtics,BOS,4,202348,Jordan Crawford,1610612738.0,Boston,Celtics,BOS,0,0,,,,,
394,0021300484,477,2,1,4,9:45 PM,4:31,,,MISS Aminu 20' Jump Shot,,,5.0,202329,Al-Farouq Aminu,1610612740.0,New Orleans,Pelicans,NOP,0,0,,,,,,0,0,,,,,
395,0021300484,478,4,0,4,9:45 PM,4:30,Humphries REBOUND (Off:5 Def:5),,,,,4.0,2743,Kris Humphries,1610612738.0,Boston,Celtics,BOS,0,0,,,,,,0,0,,,,,
396,0021300484,479,5,2,4,9:45 PM,4:28,Humphries Lost Ball Turnover (P1.T10),,Holiday STEAL (1 STL),,,4.0,2743,Kris Humphries,1610612738.0,Boston,Celtics,BOS,5,201950,Jrue Holiday,1610612740.0,New Orleans,Pelicans,NOP,0,0,,,,,
397,0021300484,480,2,1,4,9:46 PM,4:15,,,MISS Holiday 7' Jump Shot,,,5.0,201950,Jrue Holiday,1610612740.0,New Orleans,Pelicans,NOP,0,0,,,,,,0,0,,,,,
398,0021300484,481,4,0,4,9:46 PM,4:14,,,Davis REBOUND (Off:3 Def:3),,,5.0,203076,Anthony Davis,1610612740.0,New Orleans,Pelicans,NOP,0,0,,,,,,0,0,,,,,
399,0021300484,482,1,5,4,9:46 PM,4:12,,,Davis  Layup (21 PTS),85 - 86,1,5.0,203076,Anthony Davis,1610612740.0,New Orleans,Pelicans,NOP,0,0,,,,,,0,0,,,,,
400,0021300484,483,2,1,4,9:46 PM,3:54,MISS Bradley  3PT Jump Shot,,,,,4.0,202340,Avery Bradley,1610612738.0,Boston,Celtics,BOS,0,0,,,,,,0,0,,,,,
401,0021300484,484,4,0,4,9:46 PM,3:53,,,Aminu REBOUND (Off:0 Def:7),,,5.0,202329,Al-Farouq Aminu,1610612740.0,New Orleans,Pelicans,NOP,0,0,,,,,,0,0,,,,,
402,0021300484,485,2,42,4,9:46 PM,3:46,,,MISS Evans 1' Driving Layup,,,5.0,201936,Tyreke Evans,1610612740.0,New Orleans,Pelicans,NOP,0,0,,,,,,0,0,,,,,
403,0021300484,486,4,0,4,9:46 PM,3:45,Humphries REBOUND (Off:5 Def:6),,,,,4.0,2743,Kris Humphries,1610612738.0,Boston,Celtics,BOS,0,0,,,,,,0,0,,,,,
404,0021300484,487,2,1,4,9:46 PM,3:38,MISS Green  3PT Jump Shot,,,,,4.0,201145,Jeff Green,1610612738.0,Boston,Celtics,BOS,0,0,,,,,,0,0,,,,,
405,0021300484,488,4,0,4,9:46 PM,3:37,Humphries REBOUND (Off:6 Def:6),,,,,4.0,2743,Kris Humphries,1610612738.0,Boston,Celtics,BOS,0,0,,,,,,0,0,,,,,
406,0021300484,489,1,1,4,9:46 PM,3:30,Crawford 18' Jump Shot (5 PTS),,,85 - 88,3,4.0,202348,Jordan Crawford,1610612738.0,Boston,Celtics,BOS,0,0,,,,,,0,0,,,,,
407,0021300484,490,9,1,4,9:47 PM,3:25,,,Pelicans Timeout: Regular (Reg.5 Short 0),,,3.0,1610612740,,,,,,0,0,,,,,,0,0,,,,,
408,0021300484,492,8,0,4,9:49 PM,3:25,,,SUB: Stiemsma FOR Aminu,,,5.0,202329,Al-Farouq Aminu,1610612740.0,New Orleans,Pelicans,NOP,5,201880,Greg Stiemsma,1610612740.0,New Orleans,Pelicans,NOP,0,0,,,,,
409,0021300484,493,1,66,4,9:49 PM,3:05,,,Gordon 20' Jump Bank Shot (12 PTS),87 - 88,1,5.0,201569,Eric Gordon,1610612740.0,New Orleans,Pelicans,NOP,0,0,,,,,,0,0,,,,,
410,0021300484,494,6,2,4,9:50 PM,2:45,,,Gordon S.FOUL (P2.PN),,,5.0,201569,Eric Gordon,1610612740.0,New Orleans,Pelicans,NOP,4,2743,Kris Humphries,1610612738.0,Boston,Celtics,BOS,1,0,,,,,
411,0021300484,495,3,11,4,9:50 PM,2:45,Humphries Free Throw 1 of 2 (6 PTS),,,87 - 89,2,4.0,2743,Kris Humphries,1610612738.0,Boston,Celtics,BOS,0,0,,,,,,0,0,,,,,
412,0021300484,497,3,12,4,9:50 PM,2:45,Humphries Free Throw 2 of 2 (7 PTS),,,87 - 90,3,4.0,2743,Kris Humphries,1610612738.0,Boston,Celtics,BOS,0,0,,,,,,0,0,,,,,
413,0021300484,499,1,42,4,9:51 PM,2:27,,,Evans  Driving Layup (14 PTS),89 - 90,1,5.0,201936,Tyreke Evans,1610612740.0,New Orleans,Pelicans,NOP,0,0,,,,,,0,0,,,,,
414,0021300484,500,2,1,4,9:51 PM,2:01,MISS Crawford 25' 3PT Jump Shot,,,,,4.0,202348,Jordan Crawford,1610612738.0,Boston,Celtics,BOS,0,0,,,,,,0,0,,,,,
415,0021300484,501,4,0,4,9:51 PM,2:00,,,Gordon REBOUND (Off:1 Def:4),,,5.0,201569,Eric Gordon,1610612740.0,New Orleans,Pelicans,NOP,0,0,,,,,,0,0,,,,,
416,0021300484,502,1,58,4,9:51 PM,1:41,,,Davis 5' Turnaround Hook Shot (23 PTS),91 - 90,-1,5.0,203076,Anthony Davis,1610612740.0,New Orleans,Pelicans,NOP,0,0,,,,,,0,0,,,,,
417,0021300484,503,9,2,4,9:52 PM,1:41,CELTICS Timeout: Short (Full 3 Short 1),,,,,2.0,1610612738,,,,,,0,0,,,,,,0,0,,,,,
418,0021300484,505,8,0,4,9:53 PM,1:41,SUB: Sullinger FOR Humphries,,,,,4.0,2743,Kris Humphries,1610612738.0,Boston,Celtics,BOS,4,203096,Jared Sullinger,1610612738.0,Boston,Celtics,BOS,0,0,,,,,
419,0021300484,507,2,1,4,9:53 PM,1:26,MISS Sullinger 6' Jump Shot,,Stiemsma BLOCK (1 BLK),,,4.0,203096,Jared Sullinger,1610612738.0,Boston,Celtics,BOS,0,0,,,,,,5,201880,Greg Stiemsma,1610612740.0,New Orleans,Pelicans,NOP
420,0021300484,508,4,0,4,9:53 PM,1:25,,,Davis REBOUND (Off:3 Def:4),,,5.0,203076,Anthony Davis,1610612740.0,New Orleans,Pelicans,NOP,0,0,,,,,,0,0,,,,,
421,0021300484,509,5,2,4,9:53 PM,1:23,Crawford STEAL (1 STL),,Gordon Lost Ball Turnover (P2.T14),,,5.0,201569,Eric Gordon,1610612740.0,New Orleans,Pelicans,NOP,4,202348,Jordan Crawford,1610612738.0,Boston,Celtics,BOS,0,0,,,,,
422,0021300484,510,2,1,4,9:53 PM,1:18,MISS Bradley  3PT Jump Shot,,,,,4.0,202340,Avery Bradley,1610612738.0,Boston,Celtics,BOS,0,0,,,,,,0,0,,,,,
423,0021300484,511,4,0,4,9:53 PM,1:17,Sullinger REBOUND (Off:8 Def:2),,,,,4.0,203096,Jared Sullinger,1610612738.0,Boston,Celtics,BOS,0,0,,,,,,0,0,,,,,
424,0021300484,512,9,2,4,9:54 PM,1:10,CELTICS Timeout: Short (Full 3 Short 2),,,,,2.0,1610612738,,,,,,0,0,,,,,,0,0,,,,,
425,0021300484,514,2,1,4,9:55 PM,1:05,MISS Sullinger 8' Jump Shot,,Davis BLOCK (3 BLK),,,4.0,203096,Jared Sullinger,1610612738.0,Boston,Celtics,BOS,0,0,,,,,,5,203076,Anthony Davis,1610612740.0,New Orleans,Pelicans,NOP
426,0021300484,515,4,0,4,9:55 PM,1:04,Sullinger REBOUND (Off:9 Def:2),,,,,4.0,203096,Jared Sullinger,1610612738.0,Boston,Celtics,BOS,0,0,,,,,,0,0,,,,,
427,0021300484,517,18,0,4,9:55 PM,1:01,,,,,,,516,,,,,,0,0,,,,,,1,0,,,,,
428,0021300484,518,2,1,4,9:57 PM,0:54,MISS Green 24' 3PT Jump Shot,,,,,4.0,201145,Jeff Green,1610612738.0,Boston,Celtics,BOS,0,0,,,,,,0,0,,,,,
429,0021300484,519,4,0,4,9:57 PM,0:53,CELTICS Rebound,,,,,2.0,1610612738,,,,,,0,0,,,,,,0,0,,,,,
430,0021300484,520,5,11,4,9:58 PM,0:53,CELTICS Turnover: Shot Clock (T#11),,,,,2.0,1610612738,,,,,,0,0,,,,,,1,0,,,,,
431,0021300484,521,8,0,4,9:58 PM,0:53,SUB: Humphries FOR Sullinger,,,,,4.0,203096,Jared Sullinger,1610612738.0,Boston,Celtics,BOS,4,2743,Kris Humphries,1610612738.0,Boston,Celtics,BOS,0,0,,,,,
432,0021300484,523,1,42,4,9:58 PM,0:42,,,Evans  Driving Layup (16 PTS),93 - 90,-3,5.0,201936,Tyreke Evans,1610612740.0,New Orleans,Pelicans,NOP,0,0,,,,,,0,0,,,,,
433,0021300484,525,6,2,4,9:58 PM,0:35,,,Davis S.FOUL (P2.PN),,,5.0,203076,Anthony Davis,1610612740.0,New Orleans,Pelicans,NOP,4,201145,Jeff Green,1610612738.0,Boston,Celtics,BOS,1,0,,,,,
434,0021300484,526,3,11,4,9:59 PM,0:35,Green Free Throw 1 of 2 (15 PTS),,,93 - 91,-2,4.0,201145,Jeff Green,1610612738.0,Boston,Celtics,BOS,0,0,,,,,,0,0,,,,,
435,0021300484,528,3,12,4,9:59 PM,0:35,Green Free Throw 2 of 2 (16 PTS),,,93 - 92,-1,4.0,201145,Jeff Green,1610612738.0,Boston,Celtics,BOS,0,0,,,,,,0,0,,,,,
436,0021300484,530,9,1,4,9:59 PM,0:35,,,Pelicans Timeout: Regular (Reg.6 Short 0),,,3.0,1610612740,,,,,,0,0,,,,,,0,0,,,,,
437,0021300484,535,2,42,4,9:59 PM,0:22,Humphries BLOCK (1 BLK),,MISS Evans 2' Driving Layup,,,5.0,201936,Tyreke Evans,1610612740.0,New Orleans,Pelicans,NOP,0,0,,,,,,4,2743,Kris Humphries,1610612738.0,Boston,Celtics,BOS
438,0021300484,542,4,0,4,9:59 PM,0:21,,,Evans REBOUND (Off:3 Def:5),,,5.0,201936,Tyreke Evans,1610612740.0,New Orleans,Pelicans,NOP,0,0,,,,,,0,0,,,,,
439,0021300484,533,5,40,4,10:02 PM,0:20,,,Evans Out of Bounds Lost Ball Turnover (P5.T15),,,5.0,201936,Tyreke Evans,1610612740.0,New Orleans,Pelicans,NOP,0,0,,,,,,0,0,,,,,
440,0021300484,534,8,0,4,10:02 PM,0:20,SUB: Sullinger FOR Humphries,,,,,4.0,2743,Kris Humphries,1610612738.0,Boston,Celtics,BOS,4,203096,Jared Sullinger,1610612738.0,Boston,Celtics,BOS,0,0,,,,,
441,0021300484,536,2,5,4,10:02 PM,0:11,MISS Bradley 2' Layup,,,,,4.0,202340,Avery Bradley,1610612738.0,Boston,Celtics,BOS,0,0,,,,,,0,0,,,,,
442,0021300484,537,4,0,4,10:02 PM,0:09,Bass REBOUND (Off:6 Def:5),,,,,4.0,101138,Brandon Bass,1610612738.0,Boston,Celtics,BOS,0,0,,,,,,0,0,,,,,
443,0021300484,541,2,53,4,10:02 PM,0:08,MISS Bass 3' Tip Shot,,,,,4.0,101138,Brandon Bass,1610612738.0,Boston,Celtics,BOS,0,0,,,,,,0,0,,,,,
444,0021300484,543,4,0,4,10:02 PM,0:07,,,Davis REBOUND (Off:3 Def:5),,,5.0,203076,Anthony Davis,1610612740.0,New Orleans,Pelicans,NOP,0,0,,,,,,0,0,,,,,
445,0021300484,538,9,2,4,10:02 PM,0:07,,,Pelicans Timeout: Short (Reg.6 Short 1),,,3.0,1610612740,,,,,,0,0,,,,,,0,0,,,,,
446,0021300484,545,8,0,4,10:03 PM,0:07,,,SUB: Roberts FOR Stiemsma,,,5.0,201880,Greg Stiemsma,1610612740.0,New Orleans,Pelicans,NOP,5,203148,Brian Roberts,1610612740.0,New Orleans,Pelicans,NOP,0,0,,,,,
447,0021300484,547,6,28,4,10:04 PM,0:06,Crawford Personal Take Foul (P3.PN),,,,,4.0,202348,Jordan Crawford,1610612738.0,Boston,Celtics,BOS,5,203148,Brian Roberts,1610612740.0,New Orleans,Pelicans,NOP,1,0,,,,,
448,0021300484,548,3,11,4,10:04 PM,0:06,,,Roberts Free Throw 1 of 2 (10 PTS),94 - 92,-2,5.0,203148,Brian Roberts,1610612740.0,New Orleans,Pelicans,NOP,0,0,,,,,,0,0,,,,,
449,0021300484,550,3,12,4,10:04 PM,0:06,,,Roberts Free Throw 2 of 2 (11 PTS),95 - 92,-3,5.0,203148,Brian Roberts,1610612740.0,New Orleans,Pelicans,NOP,0,0,,,,,,0,0,,,,,
450,0021300484,552,9,1,4,10:04 PM,0:06,CELTICS Timeout: Regular (Full 4 Short 2),,,,,2.0,1610612738,,,,,,0,0,,,,,,0,0,,,,,
451,0021300484,556,8,0,4,10:06 PM,0:06,,,SUB: Aminu FOR Roberts,,,5.0,203148,Brian Roberts,1610612740.0,New Orleans,Pelicans,NOP,5,202329,Al-Farouq Aminu,1610612740.0,New Orleans,Pelicans,NOP,0,0,,,,,
452,0021300484,557,8,0,4,10:06 PM,0:06,SUB: Wallace FOR Bass,,,,,4.0,101138,Brandon Bass,1610612738.0,Boston,Celtics,BOS,4,2222,Gerald Wallace,1610612738.0,Boston,Celtics,BOS,0,0,,,,,
453,0021300484,558,2,1,4,10:06 PM,0:02,MISS Sullinger 25' 3PT Jump Shot,,,,,4.0,203096,Jared Sullinger,1610612738.0,Boston,Celtics,BOS,0,0,,,,,,0,0,,,,,
454,0021300484,559,4,0,4,10:06 PM,0:01,,,Davis REBOUND (Off:3 Def:6),,,5.0,203076,Anthony Davis,1610612740.0,New Orleans,Pelicans,NOP,0,0,,,,,,0,0,,,,,
455,0021300484,560,13,0,4,10:06 PM,0:00,,,,95 - 92,-3,0.0,0,,,,,,0,0,,,,,,0,0,,,,,
